Date,Open,High,Low,Close,Adj Close,Volume
2000-01-03,230.0,230.755005,230.0,230.755005,142.177719,249030.0
2000-01-04,238.100006,238.100006,225.0,228.104996,140.544952,585140.0
2000-01-05,220.0,225.0,210.5,219.990005,135.544968,802960.0
2000-01-06,222.490005,236.0,221.0,228.820007,140.985519,1900320.0
2000-01-07,230.0,245.199997,228.225006,241.294998,148.67186,1925820.0
2000-01-10,244.5,249.899994,241.0,243.125,149.799408,865910.0
2000-01-11,245.0,252.899994,239.0,248.580002,153.160446,1344110.0
2000-01-12,250.0,268.470001,249.0,264.779999,163.141953,1770570.0
2000-01-13,269.899994,285.964996,265.0,278.665009,171.697098,2545080.0
2000-01-14,275.0,277.700012,265.0,270.209991,166.487625,1202400.0
2000-01-17,274.890015,275.0,254.509995,259.825012,160.088943,965390.0
2000-01-18,259.700012,260.799988,254.600006,256.144989,157.821548,894390.0
2000-01-19,257.5,260.0,250.100006,252.895004,155.819138,1186660.0
2000-01-20,252.5,253.5,251.5,252.440002,155.538742,1215590.0
2000-01-21,254.0,259.5,253.660004,254.809998,156.999008,750120.0
2000-01-24,255.0,264.899994,254.100006,257.850006,158.872086,711990.0
2000-01-25,259.769989,259.769989,254.600006,255.205002,157.242416,540930.0
2000-01-27,262.0,268.0,253.899994,255.964996,157.710693,926470.0
2000-01-28,252.5,256.480011,249.0,252.375,155.498779,464210.0
2000-01-31,244.5,249.399994,240.100006,244.0,150.338531,690790.0
2000-02-01,241.5,241.5,228.5,232.669998,143.357666,1174420.0
2000-02-02,240.0,249.899994,237.5,240.695007,148.302155,983250.0
2000-02-03,242.800003,245.100006,235.899994,243.789993,150.209122,583650.0
2000-02-04,243.979996,243.979996,232.5,234.675003,144.592972,333800.0
2000-02-07,234.5,235.5,227.5,230.895004,142.264008,367640.0
2000-02-08,230.0,233.449997,230.0,230.695007,142.140778,417900.0
2000-02-09,244.0,248.0,236.5,241.809998,148.989197,675040.0
2000-02-10,238.125,244.5,232.0,233.110001,143.628754,878920.0
2000-02-11,239.5,244.990005,230.699997,237.649994,146.42601,1568670.0
2000-02-14,237.0,241.5,229.699997,230.029999,141.731033,578030.0
2000-02-15,231.0,235.985001,228.0,230.199997,141.835785,715130.0
2000-02-16,240.0,241.0,230.0,231.104996,142.393372,907290.0
2000-02-17,234.699997,234.699997,231.0,232.705002,143.379181,620800.0
2000-02-18,232.789993,251.324997,231.5,251.300003,154.83638,2380600.0
2000-02-21,266.399994,271.404999,260.100006,271.404999,167.223877,3437360.0
2000-02-22,292.0,293.119995,292.0,293.119995,180.603409,1153490.0
2000-02-23,316.570007,316.570007,276.5,287.589996,177.196106,5542040.0
2000-02-24,299.799988,310.600006,292.5,308.674988,190.1875,2852320.0
2000-02-25,311.01001,323.399994,305.0,314.125,193.545456,2247400.0
2000-02-28,313.0,314.5,300.0,305.554993,188.265076,1525020.0
2000-02-29,310.0,310.0,281.404999,286.420013,176.475281,2935240.0
2000-03-01,284.899994,306.399994,267.505005,299.070007,184.269424,2619520.0
2000-03-02,304.0,305.299988,278.0,281.779999,173.616348,1631440.0
2000-03-03,273.540009,273.540009,259.23999,259.359985,159.802444,1927460.0
2000-03-06,250.399994,267.0,241.199997,247.320007,152.384125,1511230.0
2000-03-07,247.0,259.984985,238.0,248.25,152.957123,1968500.0
2000-03-08,262.600006,265.0,244.199997,249.229996,153.560928,1734020.0
2000-03-09,250.5,254.0,230.100006,240.210007,158.837692,1395840.0
2000-03-10,240.0,250.0,232.600006,236.270004,156.232376,1363200.0
2000-03-13,241.009995,254.925003,240.100006,251.919998,166.580856,1408900.0
2000-03-14,254.0,272.0,251.0,266.815002,176.430115,2478930.0
2000-03-15,270.0,288.160004,265.0,288.160004,190.544388,1129810.0
2000-03-16,290.01001,304.0,285.0,291.625,192.835556,2166470.0
2000-03-21,295.0,298.0,279.0,282.859985,187.039749,1575880.0
2000-03-22,281.700012,284.399994,260.234985,271.399994,179.461914,1557710.0
2000-03-23,270.0,270.0,260.200012,264.075012,174.618271,744470.0
2000-03-24,265.0,268.0,258.100006,261.334991,172.806458,849510.0
2000-03-27,264.899994,270.899994,248.0,250.520004,165.655106,1693190.0
2000-03-28,249.845001,255.0,246.100006,250.824997,165.856812,1011030.0
2000-03-29,258.790009,258.790009,246.5,248.014999,163.998749,633030.0
2000-03-30,248.0,254.800003,245.0,251.740005,166.461838,888970.0
2000-03-31,250.0,254.899994,240.0,241.240005,159.518723,1232490.0
2000-04-03,245.0,260.540009,243.0,260.540009,172.280823,1869970.0
2000-04-04,260.899994,262.0,239.699997,239.779999,158.553329,3230190.0
2000-04-05,235.0,256.0,235.0,254.044998,167.985977,1579810.0
2000-04-06,256.0,258.0,248.5,254.850006,168.518311,1479270.0
2000-04-07,255.0,275.23999,255.0,273.63501,180.939774,2588120.0
2000-04-10,275.0,287.480011,271.100006,274.459991,181.485291,2259220.0
2000-04-11,270.100006,274.0,262.100006,270.350006,178.767609,1205730.0
2000-04-12,264.0,270.0,262.0,263.154999,174.009903,446840.0
2000-04-13,256.0,262.899994,251.0,257.779999,170.455795,805580.0
2000-04-17,251.0,252.0,237.5,248.089996,164.048309,1972360.0
2000-04-18,250.975006,258.0,245.0,246.619995,163.076218,1127770.0
2000-04-19,251.5,258.0,243.800003,250.365005,165.552658,897730.0
2000-04-20,252.399994,255.0,245.800003,252.910004,167.235489,957160.0
2000-04-24,255.0,262.899994,250.100006,254.5,168.286819,777020.0
2000-04-25,250.899994,253.399994,241.0,242.869995,160.596573,1464200.0
2000-04-26,255.0,255.0,246.600006,249.815002,165.188919,1454490.0
2000-04-27,251.5,253.940002,245.0,247.514999,163.66806,979420.0
2000-04-28,248.985001,249.800003,238.0,239.800003,158.566559,790750.0
2000-05-02,238.100006,240.005005,212.0,218.679993,144.601089,1596590.0
2000-05-03,215.0,232.899994,203.100006,218.595001,144.544876,2177960.0
2000-05-04,221.800003,243.699997,219.199997,240.994995,159.35675,1832040.0
2000-05-05,243.0,255.0,242.0,253.649994,167.724808,2086010.0
2000-05-08,251.100006,259.0,237.309998,239.294998,158.23262,1211370.0
2000-05-09,237.220001,248.0,234.300003,245.604996,162.40509,986290.0
2000-05-10,249.399994,249.399994,240.100006,241.589996,159.750183,436950.0
2000-05-11,240.100006,240.100006,224.505005,229.095001,151.487946,1067720.0
2000-05-12,230.0,234.990005,225.600006,227.815002,150.64151,774810.0
2000-05-15,225.014999,235.0,215.100006,232.339996,153.633667,1388630.0
2000-05-16,234.199997,234.899994,228.100006,232.860001,153.977524,629990.0
2000-05-17,235.0,238.399994,230.699997,231.720001,153.223709,579770.0
2000-05-18,235.0,237.199997,225.559998,235.479996,155.709976,479260.0
2000-05-19,237.0,237.0,222.5,224.660004,148.555313,2091810.0
2000-05-22,220.005005,227.0,215.100006,222.085007,146.852631,856110.0
2000-05-23,220.0,223.800003,219.050003,220.354996,145.708664,610720.0
2000-05-24,207.5,224.0,207.5,222.115005,146.872467,384650.0
2000-05-25,224.0,229.899994,221.0,223.625,147.870911,819490.0
2000-05-26,225.0,250.460007,223.199997,250.300003,165.509659,3013660.0
2000-05-29,252.5,269.0,251.0,257.230011,170.092026,2144790.0
2000-05-30,254.199997,257.5,248.210007,254.865005,168.528214,1257200.0
2000-05-31,257.0,265.494995,255.100006,257.880005,170.521912,2633440.0
2000-06-01,255.119995,258.394989,247.5,249.035004,164.673157,1349930.0
2000-06-02,250.0,257.399994,245.100006,255.485001,168.938202,1432180.0
2000-06-05,257.299988,264.5,255.0,256.48999,169.602707,1500130.0
2000-06-06,255.199997,262.0,254.024994,259.220001,171.407928,930160.0
2000-06-07,264.799988,265.0,256.0,257.51001,170.277252,648190.0
2000-06-08,259.100006,269.0,259.100006,261.130005,172.670929,1227920.0
2000-06-09,263.5,263.5,259.0,260.505005,172.25766,603670.0
2000-06-12,261.0,262.0,252.5,253.654999,167.728119,427380.0
2000-06-13,252.899994,255.990005,248.100006,249.929993,165.264954,872630.0
2000-06-14,229.940002,260.0,229.940002,253.339996,167.519852,842270.0
2000-06-15,250.199997,255.399994,247.600006,248.460007,164.292923,718000.0
2000-06-16,249.800003,252.479996,248.100006,249.220001,164.795517,557990.0
2000-06-19,251.699997,257.0,249.899994,253.365005,167.536377,701250.0
2000-06-20,252.100006,255.399994,250.199997,251.139999,166.065109,915710.0
2000-06-21,271.234985,271.234985,253.0,257.320007,170.15155,3592980.0
2000-06-22,257.0,267.399994,256.899994,265.565002,175.603592,2148690.0
2000-06-23,264.5,284.5,263.0,280.695007,185.608231,5888880.0
2000-06-26,280.899994,283.0,273.100006,275.984985,182.493774,2585180.0
2000-06-27,274.200012,284.399994,272.0,282.36499,186.712479,2974530.0
2000-06-28,284.899994,289.98999,279.109985,288.174988,190.554306,3165590.0
2000-06-29,290.0,294.799988,287.01001,288.950012,191.066757,2133990.0
2000-06-30,289.100006,294.899994,282.5,283.769989,187.64151,2469330.0
2000-07-03,285.994995,288.0,269.100006,270.445007,178.830444,2604280.0
2000-07-04,268.0,279.899994,268.0,277.170013,183.277283,2148070.0
2000-07-05,288.0,289.0,278.0,286.700012,189.578934,15816220.0
2000-07-06,284.0,286.950012,277.0,279.799988,185.016418,9661520.0
2000-07-07,279.850006,282.899994,275.5,276.899994,183.098785,8166990.0
2000-07-10,278.0,281.25,275.0,279.0,184.487381,737147.0
2000-07-11,277.0,279.5,276.0,278.100006,183.892273,427376.0
2000-07-12,280.0,284.399994,276.75,282.549988,186.834808,833942.0
2000-07-13,284.5,305.149994,282.0,292.899994,193.678665,4560483.0
2000-07-14,294.799988,300.799988,291.100006,295.200012,195.19957,2162216.0
2000-07-17,294.549988,298.0,276.149994,278.399994,184.090622,1786734.0
2000-07-18,279.799988,281.799988,275.0,275.950012,182.470596,1113365.0
2000-07-19,280.0,281.450012,266.299988,267.549988,176.916092,1169111.0
2000-07-20,272.850006,272.850006,260.0,261.799988,173.113998,1531108.0
2000-07-21,264.899994,264.899994,255.25,256.5,169.60939,1073477.0
2000-07-24,255.0,255.100006,238.100006,240.399994,158.963318,2005575.0
2000-07-25,238.149994,247.699997,229.0,239.5,158.36821,3262017.0
2000-07-26,244.899994,248.800003,239.300003,240.75,159.194733,1520391.0
2000-07-27,238.149994,243.550003,231.0,240.550003,159.062485,970365.0
2000-07-28,241.0,242.0,234.0,236.399994,156.318314,1100307.0
2000-07-31,232.0,243.0,226.0,240.75,159.194733,1733308.0
2000-08-01,242.0,246.0,238.050003,240.75,159.194733,1358935.0
2000-08-02,241.0,244.75,237.25,240.699997,159.161713,687268.0
2000-08-03,239.0,242.899994,236.0,238.199997,157.508591,935278.0
2000-08-04,240.0,261.399994,239.0,255.800003,169.146484,3018524.0
2000-08-07,254.0,259.799988,246.699997,256.0,169.278748,2154942.0
2000-08-08,255.0,255.850006,246.25,250.149994,165.410461,1027216.0
2000-08-09,252.75,252.800003,238.5,239.850006,158.59964,1754816.0
2000-08-10,241.699997,245.0,239.050003,240.699997,159.161713,950789.0
2000-08-11,241.5,241.5,231.199997,232.800003,153.937851,1435720.0
2000-08-14,234.449997,237.0,229.0,235.800003,155.92157,1734070.0
2000-08-16,239.5,247.0,236.0,243.699997,161.145432,1266683.0
2000-08-17,244.949997,249.800003,241.699997,243.25,160.847885,1158375.0
2000-08-18,244.399994,246.0,242.649994,244.699997,161.806656,421727.0
2000-08-21,244.5,246.5,243.100006,245.25,162.170349,377240.0
2000-08-22,246.0,252.300003,241.100006,242.550003,160.384995,1779644.0
2000-08-23,244.899994,249.899994,243.100006,248.600006,164.385529,991096.0
2000-08-24,247.75,248.699997,243.050003,244.100006,161.409912,628328.0
2000-08-25,245.0,245.0,240.300003,241.350006,159.591461,780364.0
2000-08-28,242.0,243.199997,241.0,241.25,159.525375,303899.0
2000-08-29,241.949997,243.0,238.100006,238.800003,157.90535,739953.0
2000-08-30,241.0,241.0,236.0,238.949997,158.004532,1038266.0
2000-08-31,240.0,240.0,236.100006,238.949997,158.004532,545633.0
2000-09-04,239.899994,248.850006,235.25,246.199997,162.798553,1461859.0
2000-09-05,247.899994,248.899994,243.100006,244.350006,161.575241,581442.0
2000-09-06,246.5,255.899994,245.449997,251.850006,166.534576,1843781.0
2000-09-07,253.0,254.5,250.0,252.100006,166.69986,877137.0
2000-09-08,252.0,253.899994,247.100006,249.350006,164.88147,843968.0
2000-09-11,249.600006,253.0,248.149994,251.25,166.137817,747461.0
2000-09-12,250.949997,254.899994,249.5,252.75,167.1297,881446.0
2000-09-13,255.0,255.5,248.600006,249.350006,164.88147,469234.0
2000-09-14,250.0,250.0,240.050003,240.899994,159.293945,839593.0
2000-09-15,242.5,245.399994,240.100006,240.75,159.194733,621827.0
2000-09-18,240.5,240.5,236.0,237.600006,157.111862,782444.0
2000-09-19,236.050003,237.0,230.149994,231.649994,153.177444,1352592.0
2000-09-20,238.050003,239.5,229.0,229.75,151.921021,1152052.0
2000-09-21,231.100006,234.800003,227.0,232.25,153.574142,491357.0
2000-09-22,231.0,232.0,219.0,222.649994,147.226227,1074687.0
2000-09-25,225.0,229.0,206.25,212.0,140.18396,2926676.0
2000-09-26,214.0,217.899994,210.0,210.949997,139.489609,1636544.0
2000-09-27,210.100006,216.800003,208.5,213.25,141.010513,2213025.0
2000-09-28,214.0,215.899994,198.25,200.399994,132.513504,3762290.0
2000-09-29,201.0,210.899994,200.5,208.550003,137.902664,4158881.0
2000-10-03,205.649994,212.899994,203.5,211.75,140.018646,2269843.0
2000-10-04,211.0,215.899994,209.5,214.050003,141.53952,897660.0
2000-10-05,214.699997,219.399994,212.100006,214.899994,142.101578,1895547.0
2000-10-06,214.5,216.75,213.0,213.850006,141.407227,843929.0
2000-10-09,214.5,215.449997,204.550003,206.0,136.216507,1530071.0
2000-10-10,204.100006,205.899994,189.100006,191.300003,126.496185,2794925.0
2000-10-11,188.800003,192.5,185.25,189.699997,125.438156,1718456.0
2000-10-12,188.449997,194.100006,187.050003,192.5,127.289688,1730751.0
2000-10-13,190.050003,190.800003,184.0,185.0,122.330315,3011644.0
2000-10-16,189.0,193.0,171.550003,172.899994,114.329277,3933311.0
2000-10-17,172.100006,177.050003,169.050003,172.350006,113.965584,3113636.0
2000-10-18,171.0,174.0,169.0,172.100006,113.800262,1609100.0
2000-10-19,171.350006,179.0,163.0,177.350006,117.271835,2658691.0
2000-10-20,179.800003,183.949997,173.699997,174.699997,115.519501,1342766.0
2000-10-23,175.0,175.0,168.5,170.399994,112.676178,843880.0
2000-10-24,171.75,171.75,166.5,168.800003,111.618172,1089320.0
2000-10-25,170.0,175.399994,168.100006,173.649994,114.825226,1620355.0
2000-10-26,175.0,175.800003,171.649994,174.050003,115.089691,247411.0
2000-10-27,174.449997,175.199997,168.0,169.0,111.750443,1028846.0
2000-10-30,169.899994,174.800003,168.5,173.550003,114.759071,1084728.0
2000-10-31,173.100006,180.399994,173.100006,177.899994,117.63549,2008856.0
2000-11-01,176.399994,183.0,176.399994,181.350006,119.916801,1416616.0
2000-11-02,182.5,183.899994,180.0,182.050003,120.379654,929129.0
2000-11-03,183.0,188.149994,181.600006,184.350006,121.900536,1317022.0
2000-11-06,184.0,187.0,175.0,176.649994,116.808983,1516291.0
2000-11-07,178.0,180.699997,176.0,179.449997,118.660416,882555.0
2000-11-08,180.75,189.0,180.0,186.5,123.322182,1557660.0
2000-11-09,185.550003,193.0,184.350006,191.100006,126.36396,1867478.0
2000-11-10,192.800003,193.300003,186.050003,186.399994,123.256065,1077707.0
2000-11-13,185.050003,185.899994,180.199997,184.75,122.165016,879239.0
2000-11-14,184.149994,187.850006,184.0,186.449997,123.289101,772065.0
2000-11-15,187.800003,191.75,187.550003,188.550003,124.677773,787743.0
2000-11-16,188.0,188.800003,181.199997,182.5,120.677216,2137803.0
2000-11-17,181.300003,185.0,180.25,183.550003,121.371529,869438.0
2000-11-20,184.0,186.5,182.5,185.100006,122.396492,838768.0
2000-11-21,183.5,184.699997,182.100006,183.899994,121.602974,714939.0
2000-11-22,184.899994,186.0,181.100006,182.149994,120.445763,925189.0
2000-11-23,181.0,181.5,173.600006,174.25,115.221962,1667254.0
2000-11-24,175.5,176.600006,171.649994,172.550003,114.097839,1781392.0
2000-11-27,173.5,176.0,171.300003,175.399994,115.982384,1080449.0
2000-11-28,175.0,185.800003,174.050003,184.050003,121.70211,5184249.0
2000-11-29,186.399994,187.800003,181.5,185.350006,122.56176,2465427.0
2000-11-30,186.449997,195.0,184.0,193.5,127.950897,4386320.0
2000-12-01,192.0,199.399994,191.0,194.350006,128.512985,3675748.0
2000-12-04,193.899994,197.25,186.550003,187.800003,124.181847,2438580.0
2000-12-05,188.0,191.0,183.0,186.100006,123.057724,1815820.0
2000-12-06,190.600006,196.0,190.100006,194.800003,128.810577,2069356.0
2000-12-07,193.899994,195.600006,189.100006,192.350006,127.190475,1533328.0
2000-12-08,193.75,193.75,190.600006,191.399994,126.562317,905205.0
2000-12-11,192.800003,194.25,191.199997,192.0,126.959061,945164.0
2000-12-12,192.800003,193.399994,188.149994,189.149994,125.074524,1241999.0
2000-12-13,198.0,198.0,191.0,191.899994,126.892914,2688833.0
2000-12-14,192.0,197.5,192.0,193.149994,127.71949,3518336.0
2000-12-15,194.899994,197.850006,192.050003,193.350006,127.851746,3926721.0
2000-12-18,194.350006,199.0,193.25,198.149994,131.025696,3032873.0
2000-12-19,198.899994,204.850006,198.899994,202.800003,134.10051,3115306.0
2000-12-20,203.699997,204.5,194.050003,195.550003,129.306503,2641641.0
2000-12-21,195.0,201.800003,192.0,199.149994,131.68692,2701892.0
2000-12-22,201.0,204.0,198.100006,200.350006,132.480453,2354434.0
2000-12-26,203.0,203.949997,199.25,203.0,134.232742,1878193.0
2000-12-27,204.5,212.25,203.550003,210.050003,138.894516,2583739.0
2000-12-28,212.25,213.399994,203.0,206.449997,136.514023,2159026.0
2000-12-29,206.800003,209.0,205.100006,206.550003,136.580185,1176093.0
2001-01-01,207.899994,207.899994,198.100006,199.600006,131.984512,1474383.0
2001-01-02,198.5,200.550003,195.25,198.600006,131.323273,1763322.0
2001-01-03,198.0,205.0,197.350006,201.649994,133.340103,2902583.0
2001-01-04,202.5,213.699997,202.5,210.75,139.357376,4811808.0
2001-01-05,210.800003,212.75,205.550003,207.449997,137.175308,2775531.0
2001-01-08,208.0,213.5,208.0,210.0,138.86145,2678148.0
2001-01-09,209.649994,217.699997,209.649994,216.5,143.159546,3466904.0
2001-01-10,217.699997,217.699997,205.649994,206.699997,136.679398,2632399.0
2001-01-11,206.199997,208.5,202.300003,204.550003,135.257675,1641569.0
2001-01-12,206.0,206.5,200.350006,201.149994,133.009399,1495326.0
2001-01-15,202.0,203.0,192.649994,194.0,128.28154,1605565.0
2001-01-16,193.0,201.75,191.100006,199.899994,132.182922,2713400.0
2001-01-17,201.0,211.0,198.100006,204.149994,134.993164,5394911.0
2001-01-18,204.050003,208.699997,198.75,199.800003,132.116776,3234752.0
2001-01-19,200.100006,202.0,196.100006,200.25,132.414307,2502164.0
2001-01-22,201.0,204.699997,199.5,201.0,132.910294,1647927.0
2001-01-23,201.399994,204.899994,200.25,201.199997,133.042496,2307519.0
2001-01-24,201.5,207.25,201.5,203.100006,134.298889,2184433.0
2001-01-25,203.899994,207.0,203.100006,205.850006,136.11731,2298576.0
2001-01-29,204.0,205.300003,195.100006,203.600006,134.629501,2313586.0
2001-01-30,204.5,212.050003,203.149994,211.199997,139.654968,2664657.0
2001-01-31,213.0,215.0,206.300003,206.899994,136.811569,2438572.0
2001-02-01,206.5,207.0,202.0,203.75,134.728653,1969827.0
2001-02-02,202.25,204.350006,198.300003,200.0,132.249039,2568777.0
2001-02-05,199.800003,203.899994,197.800003,200.050003,132.282043,3589463.0
2001-02-06,200.5,204.0,200.0,201.5,133.240906,2648803.0
2001-02-07,201.5,207.350006,201.5,202.850006,134.13356,3062075.0
2001-02-08,204.0,210.899994,203.0,209.5,138.530838,4999631.0
2001-02-09,210.300003,214.899994,210.0,213.25,141.010513,3595382.0
2001-02-12,213.899994,219.899994,213.899994,215.75,142.66362,3075247.0
2001-02-13,216.800003,216.899994,207.600006,208.5,137.869598,3243712.0
2001-02-14,209.0,209.0,204.399994,207.5,137.208313,2041585.0
2001-02-15,207.899994,222.899994,204.75,220.550003,145.837616,12586429.0
2001-02-16,219.5,221.899994,215.199997,216.149994,142.928101,4888989.0
2001-02-19,217.800003,220.949997,213.600006,216.199997,142.961243,2550131.0
2001-02-20,217.0,222.75,214.800003,218.649994,144.581238,5106702.0
2001-02-21,219.0,224.649994,218.0,222.399994,147.060898,5297019.0
2001-02-22,222.100006,224.800003,216.149994,217.899994,144.085266,3580828.0
2001-02-23,217.0,220.0,214.0,217.0,143.490189,3232618.0
2001-02-26,215.5,218.5,206.350006,208.0,137.539001,2929069.0
2001-02-27,209.5,209.75,200.550003,206.149994,136.315659,2766683.0
2001-02-28,207.550003,239.149994,204.0,229.699997,151.887985,7934229.0
2001-03-01,231.800003,238.899994,228.0,231.100006,152.813766,5750629.0
2001-03-02,233.0,237.0,228.0,230.800003,152.615402,4187270.0
2001-03-05,231.0,233.5,224.350006,225.199997,148.912384,3994650.0
2001-03-07,228.949997,229.0,220.350006,225.449997,149.077682,2665613.0
2001-03-08,227.5,234.0,225.100006,227.949997,150.730789,1790820.0
2001-03-09,225.550003,229.899994,218.550003,224.300003,148.317276,1379511.0
2001-03-12,221.050003,223.75,214.100006,215.75,142.66362,786827.0
2001-03-13,213.949997,223.699997,205.0,211.350006,139.75415,1465036.0
2001-03-14,212.800003,219.0,205.100006,216.899994,143.424042,1175770.0
2001-03-15,215.25,223.5,214.0,221.300003,146.333542,622369.0
2001-03-16,220.199997,222.75,216.600006,219.5,145.143265,663163.0
2001-03-19,220.0,220.0,216.5,218.0,144.151443,359606.0
2001-03-20,218.949997,218.949997,213.5,214.800003,142.035492,466468.0
2001-03-21,215.0,225.0,213.0,223.550003,147.821304,1044334.0
2001-03-22,224.0,224.800003,218.0,219.199997,144.944916,491346.0
2001-03-23,220.0,220.5,209.5,215.199997,142.299927,1229821.0
2001-03-26,216.0,216.0,210.100006,211.100006,139.588806,469827.0
2001-03-27,212.0,212.949997,209.350006,210.050003,140.223007,1297768.0
2001-03-28,213.0,222.949997,212.0,220.600006,147.2659,1082490.0
2001-03-29,219.300003,231.399994,218.0,226.449997,151.171188,2600279.0
2001-03-30,226.0,226.0,218.0,219.25,146.36467,1106225.0
2001-04-02,218.0,223.399994,211.100006,222.199997,148.334015,1412896.0
2001-04-03,224.0,224.850006,220.050003,222.25,148.367386,708138.0
2001-04-04,220.100006,221.050003,215.149994,218.350006,145.763855,490293.0
2001-04-06,219.899994,223.0,217.0,219.050003,146.231155,684320.0
2001-04-09,218.0,219.0,213.0,214.25,143.02681,479046.0
2001-04-10,214.050003,217.699997,212.149994,215.899994,144.128311,676780.0
2001-04-11,218.75,219.399994,212.0,213.699997,142.659683,617431.0
2001-04-12,212.399994,214.0,204.300003,210.149994,140.289764,1129518.0
2001-04-16,209.5,210.0,184.25,206.350006,137.753006,2556648.0
2001-04-17,205.0,212.600006,199.050003,211.050003,140.89061,2118926.0
2001-04-18,212.0,212.0,202.800003,209.75,140.022766,2406941.0
2001-04-19,211.0,219.899994,208.5,213.949997,142.826553,1785553.0
2001-04-20,215.5,219.75,197.050003,219.050003,146.231155,1536132.0
2001-04-23,217.5,224.0,217.5,220.300003,147.065628,1197168.0
2001-04-24,219.0,221.5,212.25,215.050003,143.560852,1117131.0
2001-04-25,215.25,215.25,210.0,213.550003,142.559525,398626.0
2001-04-26,214.0,214.949997,207.550003,209.0,139.522064,660870.0
2001-04-27,207.149994,212.25,200.100006,211.25,141.024094,1411033.0
2001-04-30,210.0,213.199997,209.5,210.399994,140.45665,543955.0
2001-05-02,213.399994,213.399994,208.100006,210.100006,140.256409,366383.0
2001-05-03,209.0,212.800003,209.0,211.25,141.024094,655419.0
2001-05-04,210.5,211.199997,209.5,210.300003,140.389938,573227.0
2001-05-07,211.0,211.949997,210.199997,210.800003,140.723694,206062.0
2001-05-08,210.149994,214.5,210.149994,213.149994,142.29245,555974.0
2001-05-09,213.0,216.800003,212.0,215.449997,143.827896,671244.0
2001-05-10,214.25,214.300003,210.0,210.199997,140.323135,854527.0
2001-05-11,209.199997,211.399994,209.0,210.199997,140.323135,418497.0
2001-05-14,210.0,212.0,209.75,211.25,141.024094,330169.0
2001-05-15,210.100006,210.850006,202.199997,210.300003,140.389938,276059.0
2001-05-16,211.25,213.5,210.5,212.350006,141.758484,587661.0
2001-05-17,213.25,214.75,210.100006,211.649994,141.291138,463929.0
2001-05-18,212.75,212.75,206.0,207.25,138.353836,908940.0
2001-05-21,206.0,206.0,197.100006,201.449997,134.481934,1086304.0
2001-05-22,202.949997,202.949997,200.149994,202.050003,134.882462,638702.0
2001-05-23,204.899994,204.899994,200.75,201.600006,134.582077,1014663.0
2001-05-24,202.0,203.0,200.600006,201.850006,134.748947,443224.0
2001-05-25,202.449997,203.0,200.0,200.25,133.680817,652840.0
2001-05-28,201.0,201.75,199.050003,200.149994,133.61409,518811.0
2001-05-29,199.100006,202.75,199.0,200.25,133.680817,1301997.0
2001-05-30,202.0,202.449997,200.199997,200.850006,134.08139,535823.0
2001-05-31,200.399994,201.0,195.5,197.949997,132.14537,644766.0
2001-06-01,198.5,198.5,192.25,193.149994,128.941086,970843.0
2001-06-04,194.5,194.5,186.350006,187.449997,125.135918,1007144.0
2001-06-05,187.0,187.0,176.5,183.050003,122.198647,1936765.0
2001-06-06,185.0,189.0,182.699997,184.199997,122.966362,1070281.0
2001-06-07,184.75,186.899994,183.0,186.050003,124.201324,735367.0
2001-06-08,186.0,187.899994,184.600006,186.399994,124.43499,715996.0
2001-06-11,186.0,191.899994,185.5,190.800003,127.372314,1212642.0
2001-06-12,190.0,193.5,190.0,192.699997,128.640686,895742.0
2001-06-13,192.0,194.0,191.449997,193.199997,128.974457,519781.0
2001-06-14,192.050003,195.0,187.0,193.449997,129.141342,1100030.0
2001-06-15,193.100006,198.899994,191.699997,198.199997,132.312332,1243482.0
2001-06-18,197.100006,199.75,195.0,197.699997,131.9785,821891.0
2001-06-19,197.0,202.25,196.100006,200.850006,134.08139,1220998.0
2001-06-20,203.0,207.949997,198.199997,206.649994,137.953293,1456888.0
2001-06-21,207.0,207.0,202.100006,205.199997,136.985321,764230.0
2001-06-22,205.699997,205.899994,202.649994,204.149994,136.284348,393803.0
2001-06-25,203.149994,203.75,199.699997,200.300003,133.714218,912052.0
2001-06-26,199.149994,200.949997,196.199997,197.949997,132.14537,1196738.0
2001-06-27,197.949997,200.850006,194.699997,197.449997,131.811661,1075539.0
2001-06-28,197.75,198.600006,195.100006,196.850006,131.411102,472337.0
2001-06-29,197.0,206.399994,197.0,205.399994,137.11882,1095258.0
2001-07-02,205.0,205.5,197.0,198.5,132.512604,202420.0
2001-07-03,196.0,207.0,195.649994,202.949997,135.483307,608972.0
2001-07-04,197.449997,198.949997,196.050003,197.25,131.678146,386129.0
2001-07-05,198.0,199.949997,195.0,197.25,131.678146,249355.0
2001-07-06,195.100006,200.0,195.100006,197.649994,131.94516,137253.0
2001-07-09,196.0,200.0,195.300003,198.300003,132.379059,95442.0
2001-07-10,198.0,201.949997,197.100006,200.649994,133.947891,251405.0
2001-07-11,200.0,205.449997,198.75,204.25,136.35112,800486.0
2001-07-12,205.0,215.899994,205.0,213.949997,142.826553,1413565.0
2001-07-13,217.0,224.899994,214.5,223.600006,149.2686,2242918.0
2001-07-16,222.800003,225.0,216.5,224.600006,151.631531,1357948.0
2001-07-17,221.149994,225.449997,219.199997,224.75,151.732773,1997926.0
2001-07-18,223.199997,225.0,217.600006,218.949997,147.817123,1140854.0
2001-07-19,215.0,217.199997,211.550003,212.949997,143.766373,1673135.0
2001-07-20,214.0,218.5,213.0,216.100006,145.893005,1655262.0
2001-07-23,214.75,216.600006,214.25,215.300003,145.352859,54505.0
2001-07-24,215.100006,220.649994,214.25,217.449997,146.804428,1597347.0
2001-07-25,218.100006,224.649994,217.050003,223.449997,150.855118,2486348.0
2001-07-26,223.800003,225.0,218.0,218.75,147.682114,2264045.0
2001-07-27,216.100006,220.0,216.100006,217.550003,146.871948,1358988.0
2001-07-30,217.399994,219.850006,214.5,217.649994,146.939453,1491332.0
2001-07-31,215.899994,223.0,213.699997,220.800003,149.06604,875108.0
2001-08-01,220.050003,221.899994,210.0,211.649994,142.888718,844208.0
2001-08-02,212.0,214.0,210.0,210.850006,142.348648,563428.0
2001-08-03,211.5,215.0,210.949997,213.5,144.13768,508671.0
2001-08-06,214.0,216.5,213.100006,214.0,144.47525,583610.0
2001-08-07,214.899994,215.399994,210.300003,211.199997,142.584915,367981.0
2001-08-08,211.899994,213.449997,210.199997,212.699997,143.597534,483135.0
2001-08-09,212.5,217.699997,212.5,217.25,146.669418,653332.0
2001-08-10,218.5,220.0,213.0,214.899994,145.082886,428043.0
2001-08-13,214.800003,214.800003,212.0,212.600006,143.53006,233754.0
2001-08-14,213.050003,216.899994,212.300003,216.100006,145.893005,486773.0
2001-08-16,216.5,222.800003,216.5,221.850006,149.774979,900154.0
2001-08-17,210.0,222.0,210.0,218.5,147.513275,1230718.0
2001-08-20,218.5,220.0,217.0,219.25,148.019638,505496.0
2001-08-21,219.199997,224.699997,216.050003,223.699997,151.02388,1201657.0
2001-08-23,223.5,226.0,218.100006,221.949997,149.842468,1351435.0
2001-08-24,221.5,221.800003,217.5,218.75,147.682114,1046404.0
2001-08-27,219.699997,222.5,218.300003,221.100006,149.2686,703972.0
2001-08-28,221.0,221.5,218.199997,219.149994,147.952103,463795.0
2001-08-29,218.899994,220.850006,218.399994,219.449997,148.154633,346517.0
2001-08-30,219.0,220.949997,218.0,218.449997,147.479568,556877.0
2001-08-31,218.0,220.25,215.100006,218.75,147.682114,812913.0
2001-09-03,216.550003,220.300003,216.5,219.699997,148.32341,348676.0
2001-09-04,218.600006,220.199997,218.25,219.899994,148.458481,436168.0
2001-09-05,219.5,220.399994,215.0,215.149994,145.251633,536290.0
2001-09-06,215.850006,220.0,215.25,219.449997,148.154633,708101.0
2001-09-07,219.5,220.0,218.0,219.649994,148.289658,371929.0
2001-09-10,218.949997,219.5,218.0,218.399994,147.445801,183302.0
2001-09-11,218.0,218.699997,209.5,210.449997,142.078598,1421390.0
2001-09-12,200.0,208.149994,190.050003,205.199997,138.534195,1020206.0
2001-09-13,207.899994,210.0,202.699997,205.100006,138.466675,543948.0
2001-09-14,205.5,211.800003,189.5,200.5,135.36116,3199089.0
2001-09-17,195.649994,195.649994,181.699997,188.100006,126.989716,3579126.0
2001-09-18,190.0,206.0,186.350006,203.800003,137.589035,2812937.0
2001-09-19,202.0,213.399994,200.300003,211.699997,142.922485,2383928.0
2001-09-20,207.5,212.0,201.0,210.25,141.943558,2102916.0
2001-09-21,204.0,205.100006,191.100006,194.149994,131.074158,2334742.0
2001-09-24,196.899994,199.449997,190.050003,194.350006,131.209213,1107068.0
2001-09-25,197.0,201.550003,188.399994,191.100006,129.015076,1786369.0
2001-09-26,193.0,198.5,190.0,192.050003,129.656403,1665668.0
2001-09-27,194.899994,200.0,188.149994,199.050003,134.382248,2106206.0
2001-09-28,199.850006,208.0,199.5,207.050003,139.783188,2503264.0
2001-10-01,207.0,211.350006,205.0,210.100006,141.842285,1570934.0
2001-10-03,210.0,212.899994,207.600006,212.100006,143.19249,1415497.0
2001-10-04,212.0,214.699997,208.100006,212.600006,143.53006,1850837.0
2001-10-05,211.949997,212.699997,209.649994,212.050003,143.158783,892557.0
2001-10-08,204.0,211.0,203.050003,208.300003,140.627075,1112119.0
2001-10-09,208.0,212.0,207.100006,211.149994,142.551178,610447.0
2001-10-10,217.0,232.0,216.0,229.75,155.108322,7109292.0
2001-10-11,230.0,233.0,225.149994,226.649994,153.015472,2527938.0
2001-10-12,226.5,228.0,223.25,225.25,152.070358,1666669.0
2001-10-15,221.899994,225.5,221.899994,223.949997,151.192719,1138466.0
2001-10-16,224.5,228.5,222.100006,227.350006,153.488113,2785870.0
2001-10-17,228.0,229.300003,226.050003,226.75,153.083023,1160772.0
2001-10-18,224.0,225.5,219.0,220.5,148.86351,1404573.0
2001-10-19,220.0,221.899994,216.800003,218.149994,147.277008,995279.0
2001-10-22,218.949997,220.399994,212.550003,214.25,144.644012,2247214.0
2001-10-23,218.0,221.5,215.75,220.649994,148.964828,768393.0
2001-10-24,221.600006,222.0,214.199997,215.550003,145.521698,628938.0
2001-10-25,217.5,217.5,211.050003,211.850006,143.023758,974175.0
2001-10-29,214.899994,215.0,210.0,211.550003,142.821259,520619.0
2001-10-30,210.5,211.949997,208.649994,210.0,141.774765,911397.0
2001-10-31,210.0,216.800003,209.050003,214.800003,145.015366,650685.0
2001-11-01,215.0,217.75,212.199997,215.199997,145.28537,849733.0
2001-11-02,216.5,220.0,216.5,219.149994,147.952103,736147.0
2001-11-05,219.199997,220.75,214.149994,214.649994,144.914047,515200.0
2001-11-06,215.0,218.0,215.0,217.399994,146.770691,512480.0
2001-11-07,219.0,219.0,214.25,215.149994,145.251633,303867.0
2001-11-08,216.5,217.5,214.850006,216.699997,146.298096,335494.0
2001-11-09,219.0,219.0,214.550003,216.350006,146.061829,350670.0
2001-11-12,215.0,217.850006,215.0,215.399994,145.420395,323258.0
2001-11-13,214.050003,215.0,212.0,214.050003,144.509003,610251.0
2001-11-14,216.0,216.0,215.0,215.5,145.487961,114906.0
2001-11-15,216.399994,219.0,213.25,216.449997,146.129303,637379.0
2001-11-19,219.0,222.25,215.850006,220.449997,148.829758,1465382.0
2001-11-20,223.100006,224.0,212.5,214.5,144.812836,1185867.0
2001-11-21,216.5,218.300003,214.649994,215.0,145.150375,566909.0
2001-11-22,216.0,217.75,214.050003,214.75,144.981598,537142.0
2001-11-23,215.0,218.800003,213.550003,214.550003,144.846542,688386.0
2001-11-26,216.5,216.5,213.550003,214.25,144.644012,721154.0
2001-11-27,214.5,216.0,210.899994,211.949997,143.091278,866474.0
2001-11-28,214.0,214.5,212.0,212.449997,143.428818,459360.0
2001-11-29,213.0,213.0,209.600006,210.199997,141.909805,1125764.0
2001-12-03,210.25,213.800003,208.0,209.699997,141.57225,945726.0
2001-12-04,211.0,215.899994,210.350006,213.350006,144.036438,1014556.0
2001-12-05,215.899994,219.0,214.25,217.850006,147.074463,1020075.0
2001-12-06,219.800003,220.600006,214.75,215.649994,145.589203,844104.0
2001-12-07,217.0,219.5,213.050003,214.649994,144.914047,823769.0
2001-12-10,215.800003,217.25,213.0,214.75,144.981598,450615.0
2001-12-11,215.949997,217.800003,213.5,216.949997,146.466873,518987.0
2001-12-12,216.899994,217.5,214.75,215.050003,145.184158,531830.0
2001-12-13,216.449997,219.0,213.600006,216.949997,146.466873,1426021.0
2001-12-14,217.550003,218.5,215.899994,216.899994,146.433075,776997.0
2001-12-18,218.899994,218.899994,215.0,217.25,146.669418,524842.0
2001-12-19,216.25,217.0,213.550003,216.300003,146.028046,861737.0
2001-12-20,213.5,218.0,213.5,217.199997,146.635651,529670.0
2001-12-21,216.25,219.699997,216.25,218.100006,147.243286,1075728.0
2001-12-24,220.0,220.0,216.050003,216.25,145.994278,296912.0
2001-12-26,217.399994,217.399994,214.25,215.0,145.150375,145609.0
2001-12-27,215.0,218.5,214.5,217.800003,147.040726,752416.0
2001-12-28,218.0,219.899994,216.550003,218.699997,147.6483,945226.0
2001-12-31,218.0,225.0,218.0,222.949997,150.517563,1506785.0
2002-01-01,220.0,222.899994,219.699997,220.75,149.032303,320963.0
2002-01-02,219.5,223.899994,218.949997,222.449997,150.179993,538953.0
2002-01-03,222.0,222.75,218.699997,220.149994,148.627228,645340.0
2002-01-04,221.949997,224.699997,220.800003,222.949997,150.517563,491327.0
2002-01-07,223.0,224.850006,216.050003,217.649994,146.939453,461020.0
2002-01-08,218.5,220.899994,216.0,220.149994,148.627228,340485.0
2002-01-09,219.5,220.5,214.800003,215.149994,145.251633,447720.0
2002-01-10,216.0,216.0,213.100006,214.75,144.981598,485409.0
2002-01-11,213.5,217.899994,212.100006,215.100006,145.217865,757137.0
2002-01-14,218.899994,218.899994,214.600006,214.899994,145.082886,186883.0
2002-01-15,215.0,216.5,210.649994,211.449997,142.753723,1462275.0
2002-01-16,212.0,213.5,210.0,210.100006,141.842285,889657.0
2002-01-17,211.5,214.0,210.0,211.449997,142.753723,687959.0
2002-01-18,214.5,214.5,211.600006,213.600006,144.205215,615244.0
2002-01-21,213.050003,214.0,212.399994,212.699997,143.597534,322789.0
2002-01-22,213.0,216.0,210.300003,211.25,142.618683,978494.0
2002-01-23,211.25,216.5,211.25,215.600006,145.55545,1042598.0
2002-01-24,216.399994,220.800003,216.25,220.050003,148.559738,1206687.0
2002-01-25,223.300003,223.300003,218.649994,220.300003,148.728516,524729.0
2002-01-28,220.0,223.949997,217.350006,219.149994,147.952103,566064.0
2002-01-29,218.199997,222.899994,218.199997,221.600006,149.60614,633382.0
2002-01-30,223.0,224.0,220.050003,221.300003,149.40361,908193.0
2002-01-31,219.0,222.0,215.0,220.5,148.86351,750061.0
2002-02-01,221.0,221.100006,217.899994,219.199997,147.98587,669746.0
2002-02-04,221.399994,221.949997,217.699997,218.75,147.682114,398108.0
2002-02-05,218.600006,219.25,215.75,217.149994,146.601883,336439.0
2002-02-06,217.899994,222.449997,217.050003,222.050003,149.909988,627291.0
2002-02-07,222.449997,226.199997,221.5,224.25,151.395218,1102393.0
2002-02-08,224.899994,233.0,224.899994,230.350006,155.513458,2051260.0
2002-02-11,233.399994,240.350006,233.25,239.100006,161.420731,1784987.0
2002-02-12,239.0,239.5,229.300003,231.449997,156.256073,617578.0
2002-02-13,234.0,234.949997,230.649994,233.399994,157.572525,649306.0
2002-02-14,230.100006,237.850006,230.100006,231.050003,155.986038,273859.0
2002-02-15,232.0,236.399994,230.399994,234.600006,158.382706,618046.0
2002-02-18,235.699997,246.0,233.0,242.899994,163.986176,1352675.0
2002-02-19,242.399994,243.949997,239.050003,240.899994,162.635941,922084.0
2002-02-20,220.0,241.0,220.0,240.100006,162.095825,772090.0
2002-02-21,238.550003,242.0,238.0,240.75,162.534668,888888.0
2002-02-22,240.0,241.5,238.0,240.800003,162.568405,702255.0
2002-02-25,237.0,239.949997,236.199997,238.850006,161.251968,527423.0
2002-02-26,238.75,241.399994,238.0,240.899994,162.635941,1153669.0
2002-02-27,242.0,249.0,242.0,246.5,166.416595,2000136.0
2002-02-28,248.0,252.0,240.100006,248.5,167.766815,2040648.0
2002-03-01,254.0,266.0,248.0,262.700012,177.353516,2353448.0
2002-03-04,257.950012,264.0,247.600006,249.649994,168.543213,921743.0
2002-03-05,252.0,253.0,246.75,247.699997,167.226746,676428.0
2002-03-06,247.75,249.5,242.0,246.100006,166.146576,578944.0
2002-03-07,247.5,254.649994,247.5,251.199997,169.589661,1022589.0
2002-03-08,252.800003,252.899994,245.0,246.5,166.416595,455955.0
2002-03-11,247.0,249.100006,239.0,239.399994,161.62326,654505.0
2002-03-12,240.100006,241.350006,230.600006,232.199997,156.762405,1036179.0
2002-03-13,233.0,240.399994,232.0,238.5,161.01561,737070.0
2002-03-14,240.0,241.5,236.0,238.75,161.184433,164897.0
2002-03-15,238.149994,240.100006,236.399994,237.399994,160.27301,208447.0
2002-03-18,244.0,244.0,237.100006,238.399994,160.948105,373902.0
2002-03-19,239.5,239.5,232.0,232.850006,157.201263,512210.0
2002-03-20,234.5,237.600006,232.899994,236.300003,159.53038,332089.0
2002-03-21,236.0,236.899994,232.0,232.850006,157.201263,149978.0
2002-03-22,234.5,234.5,230.5,231.149994,156.053482,297160.0
2002-03-26,233.0,234.25,229.0,229.850006,155.175873,342058.0
2002-03-27,230.0,234.449997,226.100006,227.600006,153.656876,800576.0
2002-03-28,229.800003,230.0,224.600006,225.149994,152.002838,528491.0
2002-04-01,227.25,230.0,224.300003,227.25,153.420547,395131.0
2002-04-02,227.0,227.199997,221.149994,222.449997,150.179993,1162993.0
2002-04-03,222.0,223.449997,217.100006,218.050003,147.209488,1135615.0
2002-04-04,220.0,228.600006,220.0,227.699997,153.72438,1614952.0
2002-04-05,229.899994,229.899994,226.0,227.600006,153.656876,640344.0
2002-04-08,226.0,229.050003,225.300003,225.75,154.10054,711634.0
2002-04-09,225.5,228.25,224.899994,225.050003,153.622757,837424.0
2002-04-10,224.899994,225.050003,223.100006,224.699997,153.383804,1188957.0
2002-04-11,224.699997,224.699997,222.0,223.100006,152.291626,959649.0
2002-04-12,223.100006,225.399994,221.550003,223.75,152.735352,723069.0
2002-04-15,225.25,227.949997,221.449997,223.699997,152.701202,1143943.0
2002-04-16,219.0,220.800003,210.5,211.399994,144.305038,2997803.0
2002-04-17,213.25,217.0,205.649994,207.800003,141.847595,1647365.0
2002-04-18,209.949997,209.949997,203.5,205.399994,140.20932,1713661.0
2002-04-19,205.0,207.0,202.0,203.100006,138.639328,1584773.0
2002-04-22,203.5,211.449997,201.649994,208.449997,142.291336,1880403.0
2002-04-23,207.0,211.800003,207.0,210.350006,143.588272,864803.0
2002-04-24,210.100006,210.899994,207.75,209.350006,142.905685,615080.0
2002-04-25,210.0,211.0,206.100006,208.600006,142.393692,1144438.0
2002-04-26,208.0,209.5,206.5,207.199997,141.438004,598612.0
2002-04-29,207.0,207.100006,202.0,203.100006,138.639328,953289.0
2002-04-30,204.0,204.0,199.0,202.5,138.229736,723518.0
2002-05-02,203.0,205.699997,201.75,203.199997,138.707565,794785.0
2002-05-03,202.75,205.699997,202.550003,203.350006,138.809982,777839.0
2002-05-06,204.0,205.0,202.550003,203.800003,139.117111,505114.0
2002-05-07,205.449997,210.300003,204.0,209.199997,142.803223,827639.0
2002-05-08,209.350006,210.899994,208.0,210.25,143.520004,398662.0
2002-05-09,211.199997,214.0,209.0,213.050003,145.43132,613897.0
2002-05-10,213.0,213.0,209.100006,210.050003,143.383499,380214.0
2002-05-13,210.0,212.399994,207.149994,210.25,143.520004,228006.0
2002-05-14,210.0,210.899994,205.699997,206.449997,140.926086,421700.0
2002-05-15,207.149994,207.949997,203.600006,206.399994,140.891907,753458.0
2002-05-16,207.75,207.75,202.0,203.0,138.571075,466654.0
2002-05-17,205.0,206.75,201.699997,202.649994,138.332153,431636.0
2002-05-20,203.050003,203.300003,198.5,199.199997,135.977081,503930.0
2002-05-21,202.0,202.0,192.800003,197.899994,135.089691,1063959.0
2002-05-22,196.699997,198.199997,194.5,196.25,133.963394,582769.0
2002-05-23,196.0,196.899994,188.399994,189.699997,129.492233,845178.0
2002-05-24,192.0,202.0,189.5,199.5,136.181915,1558224.0
2002-05-27,200.199997,203.449997,198.0,201.850006,137.786026,886064.0
2002-05-28,200.0,204.899994,197.25,199.550003,136.216019,486488.0
2002-05-29,200.0,200.0,191.550003,193.0,131.744904,1369403.0
2002-05-30,195.0,195.0,187.149994,187.949997,128.297668,1665467.0
2002-05-31,195.0,195.0,184.100006,185.300003,126.488747,1397515.0
2002-06-03,189.0,192.0,187.649994,189.149994,129.116837,784379.0
2002-06-04,190.5,198.800003,189.050003,197.75,134.98732,1054449.0
2002-06-05,197.800003,202.0,197.800003,200.199997,136.659714,1767019.0
2002-06-06,201.899994,204.899994,196.149994,202.449997,138.195602,1444891.0
2002-06-07,200.0,201.0,198.0,199.600006,136.250168,849389.0
2002-06-10,202.0,203.800003,196.550003,197.350006,134.714249,669151.0
2002-06-11,200.0,205.0,198.300003,202.800003,138.434555,1956602.0
2002-06-12,204.899994,208.399994,201.050003,203.449997,138.878204,1884273.0
2002-06-13,201.0,204.25,195.100006,195.800003,133.656204,953107.0
2002-06-14,196.5,198.0,194.5,195.850006,133.690353,786491.0
2002-06-17,197.399994,199.0,194.149994,194.800003,132.973602,404714.0
2002-06-18,193.550003,197.0,192.0,192.649994,131.505981,525492.0
2002-06-19,193.5,193.899994,188.300003,189.800003,129.560501,1745117.0
2002-06-20,190.050003,194.850006,188.5,193.399994,132.017914,581166.0
2002-06-21,193.5,193.5,191.100006,192.649994,131.505981,441260.0
2002-06-24,192.949997,192.949997,187.899994,189.100006,129.082672,1009151.0
2002-06-25,190.0,193.800003,189.350006,190.800003,130.243164,1117609.0
2002-06-26,199.0,199.0,190.75,192.25,131.232925,703080.0
2002-06-27,194.0,194.5,189.399994,189.899994,129.628769,1403644.0
2002-06-28,210.0,210.0,190.800003,193.050003,131.778992,503141.0
2002-07-01,193.5,194.899994,192.600006,194.399994,132.700577,274836.0
2002-07-02,194.899994,195.649994,191.100006,192.100006,131.130524,569440.0
2002-07-03,193.75,194.949997,191.850006,194.050003,132.46167,276207.0
2002-07-04,192.0,195.899994,192.0,192.550003,131.437683,433121.0
2002-07-05,193.25,194.399994,192.050003,192.850006,131.642487,426927.0
2002-07-08,193.899994,195.0,191.5,194.25,132.598175,227724.0
2002-07-09,195.0,195.199997,193.0,194.75,132.939468,418137.0
2002-07-10,194.0,195.199997,192.050003,192.600006,131.471863,405876.0
2002-07-11,193.0,194.699997,191.5,193.850006,132.325119,468975.0
2002-07-12,194.699997,194.949997,193.0,194.5,132.768829,170822.0
2002-07-15,193.149994,194.899994,191.550003,192.050003,131.096405,566638.0
2002-07-16,192.5,192.5,187.75,187.949997,128.297668,750932.0
2002-07-17,188.0,188.0,185.0,185.699997,126.761803,885677.0
2002-07-18,187.5,187.899994,185.300003,186.75,127.478561,563799.0
2002-07-19,187.899994,189.0,186.75,187.149994,127.751564,757348.0
2002-07-22,186.5,188.949997,181.550003,185.050003,126.318069,1802517.0
2002-07-23,184.699997,185.0,182.25,184.649994,126.045013,1157869.0
2002-07-24,184.0,185.699997,182.699997,183.149994,125.021126,708954.0
2002-07-25,185.5,187.699997,181.550003,182.300003,124.44091,1124093.0
2002-07-26,182.0,184.800003,172.149994,174.800003,119.321281,1512421.0
2002-07-29,178.0,178.0,172.0,175.300003,119.662598,624194.0
2002-07-30,177.949997,177.949997,172.5,173.449997,118.399727,471589.0
2002-07-31,172.550003,173.399994,167.050003,170.800003,116.590836,1697471.0
2002-08-01,172.0,172.5,167.0,168.0,114.679504,1026250.0
2002-08-02,168.399994,171.800003,166.0,171.199997,116.863869,757093.0
2002-08-05,174.0,175.0,171.199997,172.800003,117.956055,578202.0
2002-08-06,172.5,173.800003,171.199997,173.300003,118.297394,428357.0
2002-08-07,174.0,175.899994,169.25,170.0,117.743279,1428687.0
2002-08-08,171.899994,171.899994,167.0,168.149994,116.461929,837760.0
2002-08-09,168.25,168.899994,163.199997,166.25,115.146011,1457925.0
2002-08-12,166.25,169.399994,165.0,167.75,116.184891,977597.0
2002-08-13,169.0,174.850006,169.0,173.350006,120.063492,1366225.0
2002-08-14,172.449997,175.0,171.800003,174.5,120.860016,833142.0
2002-08-16,175.0,183.699997,175.0,182.199997,126.193069,3482580.0
2002-08-19,181.0,183.649994,179.5,179.899994,124.600067,799581.0
2002-08-20,180.0,181.449997,178.25,179.899994,124.600067,635643.0
2002-08-21,180.0,181.5,179.050003,179.850006,124.565437,364454.0
2002-08-22,182.0,183.399994,177.699997,177.949997,123.249512,852821.0
2002-08-23,177.149994,180.0,177.050003,179.399994,124.253761,367249.0
2002-08-26,180.0,182.449997,179.399994,181.149994,125.465851,487578.0
2002-08-27,182.0,182.899994,181.0,181.550003,125.742859,488278.0
2002-08-28,181.0,181.699997,178.25,179.550003,124.357643,423530.0
2002-08-29,178.0,179.75,178.0,178.449997,123.595757,307142.0
2002-08-30,179.050003,187.199997,178.0,186.649994,129.275177,1652400.0
2002-09-02,186.300003,191.25,186.300003,189.300003,131.110596,1124612.0
2002-09-03,189.899994,190.0,186.5,187.800003,130.071686,661482.0
2002-09-04,186.0,189.0,185.649994,188.300003,130.418015,448754.0
2002-09-05,189.0,190.199997,186.5,187.699997,130.002396,524248.0
2002-09-06,189.399994,189.399994,179.75,180.050003,124.703987,706358.0
2002-09-09,180.0,182.800003,179.100006,180.600006,125.084908,584410.0
2002-09-11,181.0,187.199997,181.0,186.149994,128.928909,999342.0
2002-09-12,186.449997,186.699997,182.0,183.0,126.747162,541099.0
2002-09-13,182.100006,182.800003,179.850006,180.100006,124.738602,415860.0
2002-09-16,180.300003,181.899994,178.100006,179.850006,124.565437,357948.0
2002-09-17,178.0,181.25,177.0,180.449997,124.980995,390843.0
2002-09-18,178.0,180.899994,177.600006,180.199997,124.807838,535272.0
2002-09-19,179.899994,179.899994,178.0,178.800003,123.838226,459409.0
2002-09-20,177.449997,178.5,174.649994,175.300003,121.414124,1387486.0
2002-09-23,177.0,177.0,173.600006,174.699997,120.998512,959729.0
2002-09-24,175.25,178.0,173.899994,176.399994,122.175964,543651.0
2002-09-25,175.050003,176.699997,175.0,176.199997,122.03743,345132.0
2002-09-26,177.0,177.0,174.5,174.899994,121.137016,383312.0
2002-09-27,176.25,177.25,174.300003,176.199997,122.03743,1798309.0
2002-09-30,175.5,175.5,171.25,172.550003,119.509445,1660092.0
2002-10-01,172.0,172.0,168.050003,168.800003,116.912132,1008391.0
2002-10-03,169.850006,169.850006,164.0,166.600006,115.388412,1591180.0
2002-10-04,166.699997,170.949997,166.550003,169.5,117.39698,674209.0
2002-10-07,168.949997,171.5,167.5,169.100006,117.119926,508657.0
2002-10-08,171.699997,171.699997,168.0,170.0,117.743279,474969.0
2002-10-09,170.949997,170.949997,169.0,169.399994,117.327682,429102.0
2002-10-10,169.5,170.699997,168.5,170.25,117.916428,227244.0
2002-10-11,171.050003,172.25,169.550003,170.75,118.262703,341569.0
2002-10-14,172.199997,173.899994,171.0,172.149994,119.232368,276540.0
2002-10-16,173.75,175.699997,173.050003,175.0,121.206306,781743.0
2002-10-17,174.100006,176.850006,172.550003,175.75,121.725761,1060485.0
2002-10-18,176.0,178.600006,175.550003,176.649994,122.349129,1104876.0
2002-10-21,178.0,178.0,175.300003,176.649994,122.349129,375963.0
2002-10-22,174.25,176.5,172.25,175.600006,121.62188,546165.0
2002-10-23,176.5,176.5,170.050003,171.050003,118.47049,746025.0
2002-10-24,170.899994,171.449997,166.75,167.699997,116.150284,992251.0
2002-10-25,167.0,167.5,158.149994,160.600006,111.232796,3951285.0
2002-10-28,159.5,160.25,152.149994,152.899994,105.899689,2976655.0
2002-10-29,154.199997,158.5,154.0,157.449997,109.051033,2189455.0
2002-10-30,160.75,164.300003,159.449997,163.25,113.068161,2598219.0
2002-10-31,163.0,163.800003,159.0,160.149994,110.921082,1820532.0
2002-11-01,161.399994,161.649994,158.5,159.5,110.470901,1501099.0
2002-11-04,162.0,164.0,160.0,161.399994,111.786842,227286.0
2002-11-05,161.300003,161.5,159.199997,160.050003,110.851852,1041726.0
2002-11-07,160.0,161.199997,156.5,160.449997,111.128838,1829175.0
2002-11-08,160.949997,160.949997,158.25,158.850006,110.020714,1197130.0
2002-11-11,159.899994,160.5,157.5,159.899994,110.74794,1381166.0
2002-11-12,159.449997,160.5,159.0,160.149994,110.921082,624978.0
2002-11-13,160.699997,162.550003,159.050003,159.649994,110.574799,1322991.0
2002-11-14,160.0,161.0,158.0,158.100006,109.501221,1285649.0
2002-11-15,159.800003,161.75,158.5,159.25,110.297752,1953451.0
2002-11-18,160.0,165.25,160.0,164.5,113.933922,1915916.0
2002-11-20,165.5,166.100006,163.0,163.449997,113.206688,1537507.0
2002-11-21,164.100006,166.550003,163.300003,163.75,113.414474,1499991.0
2002-11-22,165.0,165.449997,163.100006,163.800003,113.449142,1008899.0
2002-11-25,162.949997,164.949997,162.5,163.649994,113.345184,1529974.0
2002-11-26,165.0,168.199997,165.0,167.5,116.011757,3364903.0
2002-11-27,168.0,169.75,166.75,168.550003,116.738983,2775858.0
2002-11-28,170.0,173.399994,169.550003,172.600006,119.54406,2499412.0
2002-11-29,173.800003,174.75,170.0,171.649994,118.88604,1560058.0
2002-12-02,173.850006,174.850006,172.300003,173.399994,120.098129,1235219.0
2002-12-03,173.949997,173.949997,170.5,172.0,119.128464,1083921.0
2002-12-04,171.0,174.5,168.25,171.899994,119.059235,2674560.0
2002-12-05,172.399994,173.850006,171.550003,173.050003,119.855721,500972.0
2002-12-06,174.0,178.0,173.25,177.699997,123.076332,1680107.0
2002-12-09,179.0,181.0,174.0,175.050003,121.240959,1141805.0
2002-12-10,173.5,179.899994,173.5,179.050003,124.011375,1056817.0
2002-12-11,180.5,180.850006,177.050003,179.949997,124.634735,1046171.0
2002-12-12,180.0,181.699997,177.850006,180.0,124.669304,954852.0
2002-12-13,185.0,185.0,179.050003,180.149994,124.773247,857626.0
2002-12-16,180.0,182.949997,178.100006,180.050003,124.703987,1085169.0
2002-12-17,180.5,180.800003,178.699997,180.100006,124.738602,819184.0
2002-12-18,179.75,182.699997,178.100006,180.399994,124.946381,1493212.0
2002-12-19,180.0,182.699997,179.300003,181.800003,125.916061,964377.0
2002-12-20,183.399994,184.399994,181.699997,183.199997,126.885674,944005.0
2002-12-23,183.199997,183.199997,179.199997,180.050003,124.703987,572031.0
2002-12-24,180.0,184.800003,179.050003,183.100006,126.816437,800550.0
2002-12-26,181.5,185.25,181.25,184.350006,127.682182,1361763.0
2002-12-27,183.899994,183.899994,182.0,182.600006,126.470139,431276.0
2002-12-30,180.5,183.0,180.5,182.0,126.054535,376188.0
2002-12-31,182.100006,183.600006,181.300003,181.699997,125.846786,436841.0
2003-01-01,182.0,182.399994,181.25,181.800003,125.916061,255763.0
2003-01-02,182.0,182.5,179.149994,179.649994,124.42691,534470.0
2003-01-03,174.399994,180.25,174.399994,179.949997,124.634735,930081.0
2003-01-06,181.149994,181.149994,177.699997,179.399994,124.253761,1853183.0
2003-01-07,179.100006,179.5,176.300003,177.699997,123.076332,1498879.0
2003-01-08,179.899994,179.899994,176.800003,177.800003,123.145653,1309607.0
2003-01-09,178.899994,180.850006,178.0,180.100006,124.738602,701836.0
2003-01-10,180.300003,183.0,177.0,180.300003,124.877159,679370.0
2003-01-13,180.5,182.199997,179.899994,180.5,125.015671,582113.0
2003-01-14,179.5,181.0,179.100006,180.5,125.015671,503867.0
2003-01-15,180.0,180.0,178.800003,179.699997,124.461609,1132488.0
2003-01-16,179.300003,180.0,177.899994,179.350006,124.219147,727453.0
2003-01-17,179.5,179.550003,177.699997,178.399994,123.56118,760755.0
2003-01-20,177.800003,178.0,175.800003,177.649994,123.041725,793547.0
2003-01-21,178.0,179.100006,176.149994,178.550003,123.6651,288790.0
2003-01-22,178.0,180.25,177.75,179.399994,124.253761,620512.0
2003-01-23,181.0,181.0,179.5,179.899994,124.600067,404923.0
2003-01-24,181.0,181.0,178.399994,179.75,124.496185,660703.0
2003-01-27,180.0,180.800003,177.5,178.949997,123.942093,1196369.0
2003-01-28,178.300003,178.550003,172.5,176.550003,122.279823,1028295.0
2003-01-29,176.75,176.75,169.5,172.350006,119.370903,2432382.0
2003-01-30,173.050003,174.5,170.0,170.800003,118.297379,1224206.0
2003-01-31,170.050003,173.149994,170.0,171.149994,118.53978,513112.0
2003-02-03,171.0,171.800003,167.649994,168.449997,116.669724,827482.0
2003-02-04,167.850006,167.850006,165.0,165.550003,114.661156,1622989.0
2003-02-05,165.0,166.949997,162.600006,163.149994,112.998909,1207570.0
2003-02-06,163.5,168.600006,163.5,167.850006,116.254128,1256192.0
2003-02-07,168.5,169.300003,165.899994,167.050003,115.700081,733125.0
2003-02-10,169.0,169.0,166.350006,167.300003,115.873222,556519.0
2003-02-11,168.100006,169.899994,167.199997,169.449997,117.362312,650051.0
2003-02-12,169.5,169.5,167.25,167.649994,116.115631,235094.0
2003-02-14,168.0,169.0,162.149994,163.0,112.894981,740315.0
2003-02-17,165.899994,166.550003,163.350006,165.050003,114.31488,1026218.0
2003-02-18,165.899994,168.0,165.050003,167.600006,116.081024,586723.0
2003-02-19,168.25,171.0,167.649994,169.75,117.570129,1213943.0
2003-02-20,180.0,180.0,169.399994,171.899994,119.059235,1053565.0
2003-02-21,172.0,172.5,170.350006,171.449997,118.747559,809247.0
2003-02-24,172.100006,174.350006,170.25,172.449997,119.440155,1200832.0
2003-02-25,174.949997,174.949997,169.300003,170.25,117.916428,796895.0
2003-02-26,171.100006,171.100006,168.050003,169.600006,117.466232,795857.0
2003-02-27,170.399994,170.899994,168.149994,169.800003,117.604767,1304738.0
2003-02-28,171.0,172.949997,166.100006,169.350006,117.293053,1727737.0
2003-03-03,169.0,170.0,166.800003,168.25,116.531212,724194.0
2003-03-04,168.050003,169.0,167.399994,168.449997,116.669724,393142.0
2003-03-05,166.0,169.0,164.75,166.25,115.146011,927062.0
2003-03-06,166.0,166.649994,165.199997,166.199997,115.111343,327408.0
2003-03-07,165.0,166.0,163.5,164.25,113.760757,879264.0
2003-03-10,165.600006,165.600006,160.850006,161.350006,111.752228,1033985.0
2003-03-11,160.850006,178.899994,159.350006,160.5,111.163513,1095774.0
2003-03-12,160.75,160.75,157.75,158.399994,109.709007,806935.0
2003-03-13,158.0,160.149994,157.5,159.300003,110.332382,1204811.0
2003-03-17,159.5,159.5,153.5,155.699997,107.838974,1182038.0
2003-03-19,156.5,159.850006,155.300003,157.5,109.085678,839646.0
2003-03-20,158.0,161.149994,157.0,160.550003,111.198128,1072599.0
2003-03-21,161.0,162.899994,160.25,162.050003,112.237045,1357929.0
2003-03-24,163.0,163.25,155.050003,155.399994,107.631187,1765105.0
2003-03-25,154.899994,156.699997,152.5,155.899994,107.977501,1059222.0
2003-03-26,156.0,157.5,153.100006,156.949997,108.704735,754543.0
2003-03-27,157.5,158.300003,152.149994,153.399994,106.245956,1702253.0
2003-03-28,154.5,154.699997,151.050003,152.5,105.622635,952593.0
2003-03-31,151.899994,156.0,146.25,148.350006,102.748322,1702209.0
2003-04-01,146.0,150.5,146.0,149.149994,103.302414,845077.0
2003-04-02,150.0,155.5,148.800003,154.75,107.181023,1089877.0
2003-04-03,155.0,155.899994,153.5,154.850006,107.250252,1036642.0
2003-04-04,151.600006,152.899994,149.25,150.75,106.2285,1243113.0
2003-04-07,151.949997,153.399994,150.100006,152.5,107.461655,817793.0
2003-04-08,150.100006,152.449997,146.75,147.899994,104.220161,2173912.0
2003-04-09,148.5,148.5,143.550003,144.0,101.471977,1395645.0
2003-04-10,144.0,147.5,143.100006,144.149994,101.577713,2773458.0
2003-04-11,144.399994,147.300003,141.5,142.399994,100.344521,1369071.0
2003-04-15,143.699997,144.0,138.600006,141.399994,99.639877,2036077.0
2003-04-16,142.5,148.449997,139.600006,147.699997,104.079262,7647942.0
2003-04-17,146.5,146.5,141.550003,142.449997,100.379768,1795929.0
2003-04-21,143.5,144.949997,143.350006,144.5,101.824348,1130829.0
2003-04-22,144.0,144.949997,143.100006,143.949997,101.436775,801237.0
2003-04-23,144.899994,144.899994,139.5,140.699997,99.146591,1116284.0
2003-04-24,141.0,141.0,135.149994,135.699997,95.623291,3415643.0
2003-04-25,136.100006,137.800003,135.149994,135.899994,95.764206,1955617.0
2003-04-28,136.699997,140.0,136.350006,139.449997,98.26577,1483982.0
2003-04-29,140.100006,141.25,139.050003,140.350006,98.899986,1190492.0
2003-04-30,140.899994,145.0,140.0,144.050003,101.507225,2446129.0
2003-05-02,144.050003,144.050003,136.100006,138.100006,97.314453,3463796.0
2003-05-05,139.949997,140.0,136.699997,137.600006,96.96212,1340736.0
2003-05-06,137.300003,139.0,136.649994,137.350006,96.78595,1784864.0
2003-05-07,137.800003,140.850006,137.399994,138.100006,97.314453,1774695.0
2003-05-08,138.0,139.699997,137.399994,138.399994,97.525848,1080043.0
2003-05-09,139.0,139.449997,137.550003,137.899994,97.173523,562237.0
2003-05-12,138.0,139.0,137.5,137.699997,97.032623,757532.0
2003-05-13,138.0,141.0,138.0,140.600006,99.076134,1149966.0
2003-05-14,141.449997,147.5,141.0,146.850006,103.480301,2390779.0
2003-05-15,147.0,148.25,144.300003,145.25,102.352844,1183956.0
2003-05-16,146.199997,146.75,144.050003,146.25,103.057503,1619325.0
2003-05-19,144.5,149.800003,144.5,148.199997,104.431595,2224232.0
2003-05-20,148.449997,148.899994,145.800003,148.199997,104.431595,934652.0
2003-05-21,149.0,151.449997,147.149994,148.050003,104.325882,1708532.0
2003-05-22,147.5,148.050003,146.399994,146.949997,103.550774,801115.0
2003-05-23,147.0,151.0,146.699997,150.600006,106.122803,1122699.0
2003-05-26,153.399994,153.949997,151.050003,153.300003,108.025414,942338.0
2003-05-27,154.5,154.75,152.100006,153.199997,107.954918,880723.0
2003-05-28,153.449997,156.399994,151.199997,155.949997,109.892769,848202.0
2003-05-29,156.0,159.550003,154.399994,157.899994,111.266876,1366081.0
2003-05-30,154.0,158.0,145.850006,157.399994,110.914536,1213142.0
2003-06-02,155.800003,159.25,155.800003,158.449997,111.654404,1176282.0
2003-06-03,157.5,158.0,155.0,156.600006,110.350822,1480655.0
2003-06-04,155.5,158.0,154.25,157.100006,110.703133,657616.0
2003-06-05,156.050003,161.699997,156.050003,160.699997,113.239929,1821605.0
2003-06-06,160.949997,163.0,159.5,162.300003,114.367378,1183519.0
2003-06-09,163.0,176.0,162.0,169.699997,119.581917,1761083.0
2003-06-10,169.25,169.949997,166.699997,169.0,119.088669,2674696.0
2003-06-11,169.5,171.25,168.149994,169.899994,119.722839,2092569.0
2003-06-12,168.0,171.399994,168.0,170.449997,120.110397,631490.0
2003-06-13,170.0,171.0,168.600006,170.300003,120.004745,1711654.0
2003-06-16,171.0,172.5,163.0,166.449997,117.291794,2416511.0
2003-06-17,168.0,170.449997,166.5,169.899994,119.722839,2201740.0
2003-06-18,167.199997,171.0,167.199997,170.0,119.793335,1047673.0
2003-06-19,169.5,170.800003,168.350006,170.0,119.793335,1680972.0
2003-06-20,163.0,171.899994,160.800003,171.100006,120.568459,2937391.0
2003-06-23,170.0,171.899994,168.050003,170.399994,120.075188,570895.0
2003-06-24,160.0,174.199997,160.0,173.199997,122.048264,2129929.0
2003-06-25,170.5,176.75,170.5,176.0,124.021309,1896614.0
2003-06-26,177.0,181.600006,175.0,178.300003,125.642097,4096551.0
2003-06-27,177.149994,178.300003,173.5,175.0,123.316666,1818263.0
2003-06-30,175.600006,179.0,174.100006,177.899994,125.360184,1547700.0
2003-07-01,177.949997,178.850006,175.75,177.850006,125.324921,1933485.0
2003-07-02,178.25,179.300003,176.050003,177.300003,124.937363,1087433.0
2003-07-03,177.5,179.649994,177.0,179.0,126.135307,1406083.0
2003-07-04,178.949997,178.949997,170.75,171.600006,120.920807,1701423.0
2003-07-07,173.25,173.25,167.5,168.300003,118.59539,1775142.0
2003-07-08,170.699997,171.5,168.350006,168.899994,119.018188,1401077.0
2003-07-09,180.0,180.0,165.0,170.0,119.793335,939141.0
2003-07-10,172.0,172.0,168.149994,169.800003,119.65242,648703.0
2003-07-11,170.0,172.800003,169.0,171.149994,120.603714,1774779.0
2003-07-14,170.100006,172.399994,167.550003,168.050003,118.419205,1072752.0
2003-07-15,168.0,169.25,165.100006,166.199997,117.115585,1087381.0
2003-07-16,165.600006,165.600006,162.100006,163.449997,115.177757,1675794.0
2003-07-17,162.600006,164.0,156.0,158.0,111.337341,1982948.0
2003-07-18,156.899994,185.0,152.050003,152.399994,107.391205,2476541.0
2003-07-21,153.0,153.699997,146.050003,146.800003,103.445045,1949181.0
2003-07-22,146.050003,152.449997,141.149994,151.399994,106.686501,2462692.0
2003-07-23,151.5,159.449997,151.5,158.899994,111.971519,3649362.0
2003-07-24,159.800003,166.899994,155.75,164.199997,115.706238,2414153.0
2003-07-25,164.0,170.0,163.199997,169.600006,119.511467,2498028.0
2003-07-28,170.0,171.300003,165.550003,167.0,117.679314,2221220.0
2003-07-29,167.0,171.100006,164.0,169.949997,119.758118,2028213.0
2003-07-30,171.649994,171.949997,166.25,168.449997,118.701096,1410579.0
2003-07-31,169.949997,174.699997,165.25,170.550003,120.180908,7527262.0
2003-08-01,171.5,173.399994,167.050003,168.449997,118.701096,2684538.0
2003-08-04,167.899994,169.149994,166.100006,166.949997,117.644127,2308633.0
2003-08-05,168.5,169.5,162.0,163.0,114.860634,1975871.0
2003-08-06,162.0,164.600006,160.0,160.550003,113.134239,2385613.0
2003-08-07,160.949997,166.600006,156.75,165.800003,116.83371,5939594.0
2003-08-08,170.0,170.0,165.5,168.149994,118.489693,3146074.0
2003-08-11,167.199997,171.949997,167.199997,171.050003,120.533218,2752403.0
2003-08-12,172.899994,174.199997,170.600006,172.050003,121.237846,2301427.0
2003-08-13,173.050003,177.649994,172.600006,175.699997,123.809906,3179112.0
2003-08-14,176.0,179.800003,174.050003,177.649994,126.990982,3815182.0
2003-08-18,179.100006,194.699997,179.100006,181.899994,130.029053,3460511.0
2003-08-19,183.550003,189.100006,182.699997,188.050003,134.425262,4504663.0
2003-08-20,189.600006,194.0,189.5,193.149994,138.070984,4653761.0
2003-08-21,194.0,194.25,187.399994,189.550003,135.497482,2996678.0
2003-08-22,191.399994,191.399994,185.0,186.600006,133.388779,1578100.0
2003-08-25,189.5,192.0,178.199997,180.899994,129.314194,3049642.0
2003-08-26,181.699997,189.600006,181.0,188.5,134.746933,2935884.0
2003-08-27,190.600006,192.75,188.25,190.5,136.176636,2715919.0
2003-08-28,190.5,191.5,185.300003,187.0,133.674728,1854474.0
2003-08-29,188.149994,189.850006,183.899994,185.600006,132.673965,2863667.0
2003-09-01,192.0,192.0,185.149994,189.399994,135.390335,2305153.0
2003-09-02,192.399994,193.800003,188.5,192.5,137.606323,2852044.0
2003-09-03,189.0,190.0,185.5,186.25,133.138565,2037674.0
2003-09-04,186.5,189.199997,182.149994,187.199997,133.817657,2711141.0
2003-09-05,187.899994,196.800003,187.5,194.0,138.678558,6597965.0
2003-09-08,197.850006,198.0,194.149994,194.949997,139.35762,3258416.0
2003-09-09,196.5,198.0,188.0,190.649994,136.283844,2551880.0
2003-09-10,190.0,194.449997,188.199997,193.449997,138.2854,1831610.0
2003-09-11,194.0,194.0,188.050003,188.949997,135.068619,1965159.0
2003-09-12,190.0,190.800003,184.100006,184.75,132.06633,2442791.0
2003-09-15,180.149994,186.899994,180.100006,183.949997,131.494431,2054314.0
2003-09-16,184.0,189.75,182.0,187.350006,133.924866,3042829.0
2003-09-17,189.699997,190.949997,184.100006,184.949997,132.20929,1630462.0
2003-09-18,185.0,185.5,177.0,178.399994,127.527092,2156131.0
2003-09-19,179.399994,182.5,177.0,180.800003,129.242722,2586216.0
2003-09-22,181.899994,183.5,173.5,174.300003,124.596268,3847635.0
2003-09-23,174.100006,181.699997,172.899994,180.550003,129.06398,1886703.0
2003-09-24,181.149994,186.0,178.0,184.899994,132.173538,2200090.0
2003-09-25,183.0,183.899994,178.100006,179.449997,128.277649,1595250.0
2003-09-26,183.050003,183.050003,178.050003,182.199997,130.243454,1288348.0
2003-09-29,182.899994,184.0,179.149994,179.75,128.492111,1339977.0
2003-09-30,181.0,184.399994,179.0,183.75,131.351471,2050731.0
2003-10-01,184.0,185.600006,181.0,184.350006,131.78038,1653383.0
2003-10-03,185.0,191.899994,185.0,190.899994,136.462555,3661481.0
2003-10-06,192.0,193.100006,189.800003,191.550003,136.9272,1661035.0
2003-10-07,191.199997,192.350006,189.0,189.949997,135.783493,1783036.0
2003-10-08,191.0,191.899994,185.050003,186.25,133.138565,1714710.0
2003-10-09,188.649994,189.800003,187.050003,188.75,134.925659,1640616.0
2003-10-10,190.5,191.600006,187.25,189.050003,135.140091,1369497.0
2003-10-13,190.800003,192.0,187.5,189.25,135.283096,2498509.0
2003-10-14,191.850006,194.899994,186.050003,187.449997,133.996368,3982995.0
2003-10-15,187.0,191.0,184.800003,189.850006,135.711975,2343954.0
2003-10-16,192.5,194.100006,188.100006,191.25,136.712738,2251783.0
2003-10-17,190.449997,196.449997,184.600006,195.25,139.572128,4181168.0
2003-10-20,197.0,199.399994,194.0,194.899994,139.321915,2693872.0
2003-10-21,195.0,196.649994,187.75,188.75,134.925659,2155104.0
2003-10-22,189.800003,190.0,185.0,185.899994,132.888367,1923119.0
2003-10-23,185.5,186.5,182.0,182.649994,130.56514,1467056.0
2003-10-24,183.0,188.199997,182.300003,187.300003,133.889145,1751106.0
2003-10-27,187.850006,187.850006,180.0,180.550003,129.06398,2171154.0
2003-10-28,181.0,181.399994,174.5,175.149994,125.203865,3241034.0
2003-10-29,176.899994,178.100006,174.100006,176.75,126.347603,2669955.0
2003-10-30,177.899994,180.300003,173.550003,175.0,125.096657,5161246.0
2003-10-31,176.149994,177.75,173.0,174.350006,124.631989,3863880.0
2003-11-03,179.800003,183.0,174.800003,182.199997,130.243454,5725435.0
2003-11-04,184.699997,187.25,183.0,185.75,132.781158,5276384.0
2003-11-05,186.699997,186.899994,181.5,182.550003,130.493698,2149627.0
2003-11-06,184.399994,184.399994,180.699997,182.949997,130.779617,1904518.0
2003-11-07,182.100006,183.5,180.300003,180.850006,129.278427,1369622.0
2003-11-10,182.5,184.899994,178.0,182.850006,130.708145,1439206.0
2003-11-11,183.800003,183.800003,180.300003,182.300003,130.314987,1628698.0
2003-11-12,183.5,183.5,181.050003,181.699997,129.886047,1421726.0
2003-11-13,182.5,183.25,180.5,181.300003,129.600128,1663184.0
2003-11-14,182.0,182.800003,180.199997,181.350006,129.635864,2187466.0
2003-11-17,182.5,182.949997,180.5,182.149994,130.207718,1287176.0
2003-11-18,182.149994,186.25,181.5,183.199997,130.958282,2659781.0
2003-11-19,183.100006,183.100006,178.350006,179.25,128.13472,1572645.0
2003-11-20,179.100006,179.75,176.25,176.949997,126.490601,1495164.0
2003-11-21,177.0,180.5,175.25,179.800003,128.527847,1661783.0
2003-11-24,180.0,180.699997,176.050003,177.550003,126.919518,1624740.0
2003-11-25,178.5,180.0,176.75,179.449997,128.277649,1677163.0
2003-11-27,180.0,180.850006,177.699997,179.25,128.13472,2909475.0
2003-11-28,179.0,179.800003,175.699997,178.25,127.419861,1682985.0
2003-12-01,179.399994,180.5,178.0,179.149994,128.063232,2146227.0
2003-12-02,180.0,181.449997,177.75,178.350006,127.491341,2060678.0
2003-12-03,179.0,180.25,178.050003,178.850006,127.848778,2199273.0
2003-12-04,179.5,182.5,178.0,180.949997,129.349915,3542028.0
2003-12-05,183.0,188.5,183.0,187.0,133.674728,6339603.0
2003-12-08,188.0,192.350006,187.5,187.899994,134.318024,3922366.0
2003-12-09,189.5,189.5,186.149994,187.350006,133.924866,2343303.0
2003-12-10,187.800003,191.0,187.0,188.25,134.568253,2867629.0
2003-12-11,189.0,189.850006,185.5,186.850006,133.567459,3128390.0
2003-12-12,188.5,189.0,186.199997,186.949997,133.638962,2443715.0
2003-12-15,189.0,193.899994,187.0,192.399994,137.534821,2673701.0
2003-12-16,193.399994,200.899994,193.0,199.899994,142.896118,7612706.0
2003-12-17,200.350006,203.600006,199.199997,199.949997,142.931839,5848689.0
2003-12-18,199.100006,201.0,197.5,198.75,142.074005,2005213.0
2003-12-19,199.5,201.5,198.75,200.5,143.324982,2761188.0
2003-12-22,202.5,203.699997,199.300003,199.75,142.788879,2551111.0
2003-12-23,201.399994,201.699997,199.649994,199.850006,142.860352,2139596.0
2003-12-24,200.5,202.0,197.149994,200.600006,143.3965,3120330.0
2003-12-26,201.5,203.75,201.0,202.699997,144.897644,1500856.0
2003-12-29,204.899994,207.350006,203.600006,206.149994,147.363831,3355394.0
2003-12-30,208.0,210.949997,204.649994,206.449997,147.578293,4829223.0
2003-12-31,208.0,208.399994,203.0,204.449997,146.148605,3222902.0
2004-01-01,205.899994,215.5,205.899994,212.75,152.081802,5400168.0
2004-01-02,215.5,216.699997,212.100006,215.449997,154.011826,2859177.0
2004-01-05,217.699997,218.0,211.0,214.399994,153.261276,2075535.0
2004-01-06,214.300003,218.0,212.0,213.649994,152.725128,2971776.0
2004-01-07,213.699997,213.699997,206.0,209.949997,150.080231,2037340.0
2004-01-08,209.949997,213.75,209.550003,210.449997,150.437637,2921457.0
2004-01-09,220.0,220.0,210.0,211.949997,151.509903,4710049.0
2004-01-12,212.699997,213.600006,206.25,207.75,148.507584,2910860.0
2004-01-13,209.0,210.0,204.699997,208.850006,149.293915,2043740.0
2004-01-14,245.300003,245.300003,206.199997,207.25,148.150192,1909507.0
2004-01-15,208.800003,211.25,206.100006,207.949997,148.650574,3107404.0
2004-01-16,209.0,209.399994,204.0,205.649994,147.006439,2263916.0
2004-01-19,207.699997,207.699997,201.300003,206.300003,147.471069,2195309.0
2004-01-20,207.899994,208.149994,202.649994,204.0,145.826981,1834933.0
2004-01-21,204.5,204.5,199.100006,200.350006,143.217819,2940648.0
2004-01-22,200.050003,201.5,192.0,193.350006,138.213928,3330991.0
2004-01-23,193.0,198.399994,190.0,195.199997,139.536362,3015896.0
2004-01-27,197.5,202.0,194.25,201.449997,144.00412,3012937.0
2004-01-28,202.0,202.399994,190.600006,193.149994,138.070984,4390234.0
2004-01-29,190.050003,195.0,185.199997,187.899994,134.318024,4374545.0
2004-01-30,189.949997,189.949997,186.100006,187.899994,134.318024,2091956.0
2004-02-03,189.25,192.5,187.25,190.199997,135.962173,3375498.0
2004-02-04,191.0,194.0,188.649994,193.199997,138.106689,2231183.0
2004-02-05,193.199997,195.600006,191.350006,193.649994,138.428345,2229215.0
2004-02-06,194.0,194.0,187.550003,189.5,135.461761,3215827.0
2004-02-09,190.699997,193.300003,190.0,193.0,137.963745,1494694.0
2004-02-10,193.300003,196.0,192.5,194.449997,139.000259,2144759.0
2004-02-11,195.0,196.75,193.300003,195.5,139.750809,1167665.0
2004-02-12,196.25,197.899994,194.600006,197.149994,140.930283,2077229.0
2004-02-13,193.75,204.0,193.75,203.100006,145.183563,2777055.0
2004-02-16,204.0,205.0,198.350006,199.600006,142.681656,1682242.0
2004-02-17,198.699997,200.899994,191.350006,192.800003,137.820724,5203439.0
2004-02-18,194.0,194.0,187.199997,187.75,134.210861,2198203.0
2004-02-19,188.0,188.850006,181.149994,182.25,130.279236,3397698.0
2004-02-20,182.0,183.199997,178.100006,179.100006,128.027512,3193557.0
2004-02-23,180.100006,180.350006,173.75,174.550003,124.774956,2364084.0
2004-02-24,174.949997,176.399994,172.100006,175.699997,125.596985,3358060.0
2004-02-25,175.949997,176.0,170.350006,174.600006,124.810692,2152527.0
2004-02-26,174.800003,177.350006,172.050003,173.050003,123.702705,3792254.0
2004-02-27,173.75,174.899994,172.149994,173.949997,124.346054,1768729.0
2004-03-01,174.0,174.899994,172.100006,174.0,124.381821,2253120.0
2004-03-03,173.050003,173.449997,164.100006,165.050003,117.984024,4505449.0
2004-03-04,163.100006,165.800003,157.5,158.149994,113.051613,3857953.0
2004-03-05,158.0,162.649994,156.800003,158.449997,113.26606,6078019.0
2004-03-08,159.25,159.25,156.0,156.699997,112.015106,4810019.0
2004-03-09,156.0,156.399994,152.5,154.75,110.621201,5683917.0
2004-03-10,155.0,155.5,148.649994,149.75,107.046982,4734385.0
2004-03-11,151.0,157.5,151.0,154.550003,110.478188,7407871.0
2004-03-12,152.800003,157.899994,152.600006,156.449997,111.836372,4975199.0
2004-03-15,159.0,160.699997,153.399994,153.949997,110.049339,4913134.0
2004-03-16,153.899994,153.899994,148.5,150.300003,107.440163,4487127.0
2004-03-17,151.399994,151.899994,141.0,144.050003,102.972412,4954914.0
2004-03-18,144.850006,147.199997,143.100006,145.149994,103.758751,3238252.0
2004-03-19,145.100006,150.149994,144.0,148.199997,105.938988,2835923.0
2004-03-22,149.0,150.899994,147.899994,149.800003,107.082733,3357508.0
2004-03-23,149.0,151.949997,148.25,150.800003,107.797569,1472599.0
2004-03-24,149.350006,151.0,145.899994,148.199997,105.938988,3170069.0
2004-03-25,149.899994,149.899994,143.399994,144.449997,103.258347,5199790.0
2004-03-26,145.5,149.800003,144.25,148.25,105.974731,2823182.0
2004-03-29,149.0,150.600006,148.0,149.600006,106.939789,1537081.0
2004-03-30,150.899994,152.0,149.649994,150.550003,107.618851,1598947.0
2004-03-31,150.100006,155.300003,149.100006,154.399994,110.370972,3969964.0
2004-04-01,155.0,156.399994,153.300003,154.800003,110.656906,2670300.0
2004-04-02,153.300003,158.100006,153.100006,156.25,111.693428,1585370.0
2004-04-05,157.100006,160.300003,156.0,157.5,112.58699,1472295.0
2004-04-06,157.699997,158.350006,153.350006,154.850006,110.692642,1382231.0
2004-04-07,152.5,152.5,145.75,147.0,105.081177,3897914.0
2004-04-08,147.399994,148.75,145.300003,148.199997,105.938988,2770663.0
2004-04-12,148.0,150.399994,145.600006,149.899994,107.154243,3305850.0
2004-04-13,148.899994,153.800003,146.050003,152.5,109.012772,1962118.0
2004-04-15,151.300003,152.399994,148.25,150.550003,107.618851,2280373.0
2004-04-16,153.0,153.600006,149.300003,151.649994,108.405159,2356307.0
2004-04-19,153.399994,153.399994,149.199997,152.0,108.655357,2198326.0
2004-04-20,152.0,152.0,150.050003,151.25,108.119255,1392564.0
2004-04-21,151.0,154.050003,149.300003,153.699997,109.870621,1489307.0
2004-04-22,153.0,154.449997,151.600006,152.399994,108.941307,1757192.0
2004-04-23,153.5,154.800003,151.300003,151.600006,108.369446,2029119.0
2004-04-27,151.300003,153.800003,144.5,146.600006,104.795258,4034788.0
2004-04-28,147.800003,148.350006,144.100006,144.75,103.472786,1854521.0
2004-04-29,145.0,145.449997,139.149994,144.0,102.936646,8547513.0
2004-04-30,142.5,144.699997,141.0,141.300003,101.006607,1740856.0
2004-05-03,140.0,143.399994,139.0,142.649994,101.971634,1730048.0
2004-05-04,142.5,143.399994,140.600006,142.550003,101.900169,1868988.0
2004-05-05,141.899994,143.5,141.75,143.0,102.221832,1368723.0
2004-05-06,143.0,146.699997,143.0,145.699997,104.151878,2117259.0
2004-05-07,146.0,146.25,144.0,145.0,103.651489,1692596.0
2004-05-10,142.5,143.399994,141.300003,142.399994,101.792915,1139934.0
2004-05-11,139.5,143.0,139.5,140.800003,100.649185,2423419.0
2004-05-12,140.0,142.600006,139.0,142.149994,101.614204,1595797.0
2004-05-13,141.399994,144.0,138.199997,141.949997,101.471275,1713812.0
2004-05-14,140.949997,143.600006,139.199997,141.550003,103.369965,3894113.0
2004-05-17,141.0,146.5,115.25,120.199997,87.778656,2321740.0
2004-05-18,128.449997,132.699997,121.0,129.600006,94.643219,3155959.0
2004-05-19,134.0,138.899994,131.800003,134.25,98.038963,4330090.0
2004-05-20,137.75,138.949997,133.300003,136.850006,99.937706,3343219.0
2004-05-21,136.0,138.699997,133.899994,137.850006,100.667938,2904657.0
2004-05-24,138.0,139.75,137.0,138.399994,101.06958,1938425.0
2004-05-25,139.399994,142.600006,137.0,141.649994,103.442978,3531855.0
2004-05-26,141.0,142.0,138.100006,139.600006,101.945923,2229032.0
2004-05-27,138.0,141.350006,138.0,140.350006,102.493629,2767952.0
2004-05-28,143.800003,143.800003,136.0,136.850006,99.937706,2404213.0
2004-05-31,137.0,139.899994,136.050003,136.949997,100.010719,3507284.0
2004-06-01,138.5,138.5,135.899994,137.199997,100.193268,1911131.0
2004-06-02,137.399994,137.899994,136.050003,137.25,100.22979,1104556.0
2004-06-03,138.0,150.050003,135.0,135.550003,98.988327,1903584.0
2004-06-04,138.0,139.699997,135.0,138.649994,101.252144,1362598.0
2004-06-07,139.0,140.0,136.149994,136.850006,99.937706,1014030.0
2004-06-08,136.75,137.399994,134.649994,134.949997,98.550171,1032781.0
2004-06-09,137.5,137.5,133.050003,133.649994,97.600807,1533108.0
2004-06-10,134.0,134.449997,129.5,129.850006,94.82579,1519686.0
2004-06-11,130.600006,131.5,128.550003,128.949997,94.168533,1553644.0
2004-06-14,127.099998,130.0,127.099998,127.849998,93.36525,1248519.0
2004-06-15,128.0,130.0,127.0,128.800003,94.058998,1231167.0
2004-06-16,129.699997,129.699997,125.5,128.0,93.474785,1652785.0
2004-06-17,128.0,129.300003,127.099998,128.600006,93.912941,852525.0
2004-06-18,128.550003,128.899994,126.300003,126.800003,92.598457,639009.0
2004-06-21,127.5,129.0,126.300003,128.149994,93.584305,774446.0
2004-06-22,127.5,129.399994,126.300003,128.399994,93.766876,1076285.0
2004-06-23,128.5,130.0,127.5,128.100006,93.547798,1585777.0
2004-06-24,128.0,130.899994,127.300003,130.350006,95.190933,2147819.0
2004-06-25,131.0,133.25,127.599998,128.100006,93.547798,2288624.0
2004-06-28,129.0,130.100006,126.75,127.550003,93.146156,3327781.0
2004-06-29,129.0,131.0,127.099998,129.75,94.752731,3511920.0
2004-06-30,133.5,133.5,127.0,127.300003,92.963608,2106649.0
2004-07-01,127.849998,128.399994,126.599998,127.400002,93.036583,1704945.0
2004-07-02,127.199997,128.399994,126.699997,127.0,92.744514,1328912.0
2004-07-05,127.0,128.949997,127.0,127.300003,92.963608,1616899.0
2004-07-06,127.800003,128.0,126.699997,127.599998,93.182663,1757647.0
2004-07-07,128.399994,129.449997,127.349998,128.800003,94.058998,4660019.0
2004-07-08,129.0,130.5,123.0,124.300003,90.772766,4023407.0
2004-07-09,121.900002,123.400002,120.0,122.400002,89.385254,2991436.0
2004-07-12,123.0,125.099998,122.5,124.199997,90.69973,1507060.0
2004-07-13,124.5,124.800003,122.599998,123.75,90.371109,1010726.0
2004-07-14,123.800003,124.25,121.949997,122.25,89.275681,930953.0
2004-07-15,122.5,124.0,122.25,123.599998,90.261566,2213734.0
2004-07-16,124.0,124.900002,122.5,123.550003,90.225067,1808147.0
2004-07-19,124.099998,125.5,122.25,122.550003,89.494789,1278323.0
2004-07-20,122.800003,123.349998,121.5,121.800003,88.94709,1228431.0
2004-07-21,122.150002,125.900002,114.0,122.0,89.09314,1493785.0
2004-07-22,122.900002,122.949997,120.0,120.300003,87.851677,1922196.0
2004-07-23,131.449997,131.449997,118.650002,120.349998,87.888191,2613067.0
2004-07-26,121.0,121.75,119.699997,120.25,87.815155,1593703.0
2004-07-27,120.800003,123.5,120.25,121.099998,88.43589,2510093.0
2004-07-28,121.800003,122.550003,121.0,121.800003,88.94709,2490157.0
2004-07-29,120.550003,122.0,116.800003,118.650002,86.646759,6090695.0
2004-07-30,103.099998,119.5,100.5,116.300003,84.930603,4719263.0
2004-08-02,117.099998,129.5,117.099998,119.099998,86.975349,3502233.0
2004-08-03,120.0,120.449997,118.650002,118.800003,86.756271,1831921.0
2004-08-04,118.099998,119.0,112.349998,113.0,82.520714,4415883.0
2004-08-05,114.0,117.199997,113.5,116.800003,85.295738,2621763.0
2004-08-06,117.0,119.150002,115.650002,116.099998,84.784538,2502731.0
2004-08-09,116.0,117.449997,115.099998,116.400002,85.003632,1556228.0
2004-08-10,116.5,117.400002,114.800003,115.0,83.981247,1587301.0
2004-08-11,115.0,115.400002,113.800003,114.650002,83.725647,1170132.0
2004-08-12,114.150002,115.199997,113.800003,114.150002,83.360519,1502423.0
2004-08-13,112.900002,112.900002,110.099998,110.5,82.5019,1922820.0
2004-08-16,110.5,110.949997,105.300003,106.599998,79.590057,3671337.0
2004-08-17,108.0,108.75,107.199997,108.349998,80.89666,2366737.0
2004-08-18,106.349998,108.0,105.599998,106.150002,79.254082,3390950.0
2004-08-19,106.0,109.0,105.550003,107.849998,80.523338,2450315.0
2004-08-20,108.0,108.5,106.599998,106.949997,79.851379,1299126.0
2004-08-23,106.5,110.900002,106.0,110.449997,82.464546,4162536.0
2004-08-24,111.050003,113.199997,109.550003,109.900002,82.053925,2410825.0
2004-08-25,110.25,112.400002,110.0,111.099998,82.94989,1972778.0
2004-08-26,111.75,113.199997,111.199997,112.099998,83.696495,5643785.0
2004-08-27,112.75,113.0,110.699997,111.25,83.061852,1724564.0
2004-08-30,111.5,112.900002,111.25,112.0,83.621849,1512488.0
2004-08-31,112.25,112.349998,111.300003,112.0,83.621849,1416847.0
2004-09-01,112.199997,112.849998,111.849998,112.5,83.995148,922674.0
2004-09-02,111.800003,112.400002,111.300003,112.150002,83.733818,1534564.0
2004-09-03,112.300003,112.300003,110.25,110.75,82.688538,1126237.0
2004-09-06,110.0,112.050003,109.900002,111.849998,83.509827,1026302.0
2004-09-07,111.650002,115.5,111.650002,114.75,85.675026,4435822.0
2004-09-08,115.5,117.25,115.5,116.050003,86.645653,2971393.0
2004-09-09,116.199997,119.900002,116.0,118.849998,88.736221,4281106.0
2004-09-10,118.800003,121.75,117.900002,121.0,90.341431,4152074.0
2004-09-13,121.900002,124.0,121.449997,121.800003,90.938744,3846227.0
2004-09-14,122.0,122.349998,119.650002,120.0,89.594818,3012110.0
2004-09-15,120.349998,124.150002,120.0,123.650002,92.319984,3923553.0
2004-09-16,123.699997,124.449997,122.5,123.800003,92.431992,1584904.0
2004-09-17,124.75,126.0,124.099998,125.699997,93.850586,2355823.0
2004-09-20,126.300003,127.900002,125.0,125.25,93.514603,2373594.0
2004-09-21,125.199997,125.5,122.199997,123.800003,92.431992,3044698.0
2004-09-22,124.5,124.699997,122.199997,123.300003,92.058685,1685670.0
2004-09-23,122.800003,122.800003,120.0,120.400002,89.893463,2215433.0
2004-09-24,120.400002,121.099998,119.150002,120.400002,89.893463,1418146.0
2004-09-27,120.400002,121.0,119.75,120.25,89.781479,948483.0
2004-09-28,119.75,120.5,119.5,120.150002,89.706818,901089.0
2004-09-29,120.5,124.900002,120.25,124.199997,92.730629,3020379.0
2004-09-30,124.300003,125.75,123.0,125.400002,93.626579,3807503.0
2004-10-01,124.099998,127.5,123.050003,126.599998,94.52253,2201397.0
2004-10-04,127.599998,128.449997,126.699997,127.050003,94.858521,2266375.0
2004-10-05,128.0,128.0,124.25,125.199997,93.477264,1630116.0
2004-10-06,126.0,127.75,125.699997,127.150002,94.933159,2190389.0
2004-10-07,127.0,128.699997,125.25,128.5,95.941124,1399576.0
2004-10-08,128.5,129.399994,126.25,128.800003,96.165115,1742212.0
2004-10-11,128.399994,129.5,127.5,128.449997,95.903793,1653075.0
2004-10-12,128.5,128.5,126.400002,126.800003,94.671875,1389673.0
2004-10-14,124.5,128.5,124.5,128.050003,95.605125,1047526.0
2004-10-15,127.300003,128.0,126.0,126.650002,94.559868,1067265.0
2004-10-18,126.599998,127.5,125.0,126.199997,94.223885,1220884.0
2004-10-19,125.75,126.75,124.800003,126.050003,94.111885,976859.0
2004-10-20,126.0,126.5,124.0,124.5,92.954628,991510.0
2004-10-21,124.699997,125.5,123.699997,124.599998,93.029282,1815635.0
2004-10-25,124.25,124.949997,121.75,123.400002,92.133324,1159676.0
2004-10-26,122.099998,123.75,120.400002,122.349998,91.34938,2152367.0
2004-10-27,122.099998,122.099998,119.900002,120.349998,89.856148,3054846.0
2004-10-28,120.0,125.949997,119.0,125.099998,93.402596,3099867.0
2004-10-29,125.0,125.400002,122.5,124.800003,93.178604,1648450.0
2004-11-01,124.300003,125.449997,122.599998,125.199997,93.477264,1196865.0
2004-11-02,125.199997,128.449997,124.25,127.900002,95.493141,1979248.0
2004-11-03,127.900002,128.800003,127.0,128.5,95.941124,1252541.0
2004-11-04,128.5,129.399994,127.400002,128.800003,96.165115,1582989.0
2004-11-05,129.149994,133.0,128.600006,132.75,99.114281,2481247.0
2004-11-08,132.800003,136.850006,131.899994,136.100006,101.615456,2491792.0
2004-11-09,139.449997,139.449997,134.800003,137.0,102.287422,2264890.0
2004-11-10,137.399994,137.399994,135.25,135.800003,101.391464,1606190.0
2004-11-11,135.5,135.5,134.0,134.449997,100.383507,649711.0
2004-11-12,134.100006,135.5,134.0,134.149994,100.159531,213929.0
2004-11-16,135.0,136.399994,134.399994,135.850006,101.428795,1290176.0
2004-11-17,136.100006,136.399994,135.050003,135.350006,101.055496,1141622.0
2004-11-18,136.0,136.0,133.25,134.5,100.420845,1004154.0
2004-11-19,133.600006,135.0,132.649994,132.949997,99.26358,1166163.0
2004-11-22,132.5,132.949997,130.649994,132.050003,98.591614,1070540.0
2004-11-23,132.5,132.5,129.300003,130.199997,97.210365,3963639.0
2004-11-24,130.949997,134.399994,129.75,133.100006,99.37561,2432275.0
2004-11-25,133.050003,137.899994,133.050003,135.949997,101.503471,3156981.0
2004-11-29,137.800003,141.949997,136.600006,140.449997,104.863258,2455046.0
2004-11-30,141.850006,145.100006,139.550003,144.600006,107.961784,3157838.0
2004-12-01,145.0,145.0,141.199997,142.850006,106.655167,1939198.0
2004-12-02,143.800003,144.949997,142.0,144.449997,107.849762,2064062.0
2004-12-03,144.199997,145.699997,141.75,144.649994,107.999069,2670765.0
2004-12-06,144.0,151.699997,143.649994,150.800003,112.590836,4808808.0
2004-12-07,151.0,154.899994,150.25,154.149994,115.091988,3962304.0
2004-12-08,153.0,154.0,151.0,151.850006,113.374786,1866646.0
2004-12-09,150.699997,150.699997,145.0,145.949997,108.969681,4278297.0
2004-12-10,146.949997,148.399994,144.550003,145.0,108.260406,1250423.0
2004-12-13,145.0,145.399994,143.100006,143.949997,107.476433,1268749.0
2004-12-14,145.0,145.0,143.399994,144.649994,107.999069,1052862.0
2004-12-15,147.649994,149.5,146.199997,148.399994,110.79892,2437981.0
2004-12-16,149.0,150.0,148.149994,149.699997,111.769508,1991148.0
2004-12-17,150.899994,150.899994,148.0,148.800003,111.097572,930429.0
2004-12-20,148.0,149.0,147.0,148.199997,110.649605,921726.0
2004-12-21,148.25,148.300003,143.25,144.699997,108.036415,2163440.0
2004-12-22,145.0,145.75,143.0,143.550003,107.177803,2236323.0
2004-12-23,144.0,145.800003,143.5,145.0,108.260406,2028746.0
2004-12-24,145.25,145.25,143.100006,144.25,107.700439,975712.0
2004-12-27,143.0,145.449997,142.0,144.949997,108.223099,1224077.0
2004-12-28,144.199997,145.600006,143.649994,144.050003,107.551102,997545.0
2004-12-29,145.0,145.0,142.5,144.800003,108.111061,1108908.0
2004-12-30,145.0,146.0,143.050003,143.850006,107.401817,2032298.0
2004-12-31,144.899994,145.350006,142.649994,143.399994,107.065826,1212550.0
2005-01-03,145.0,145.0,143.100006,144.5,107.887108,846383.0
2005-01-04,145.0,148.600006,144.149994,146.300003,109.231003,1777742.0
2005-01-05,146.800003,147.899994,142.100006,144.550003,107.924423,1335778.0
2005-01-06,144.0,144.25,140.100006,141.850006,105.908546,1693246.0
2005-01-07,141.25,144.0,140.550003,141.050003,105.311241,731186.0
2005-01-10,141.5,144.199997,141.050003,142.75,106.580505,2032592.0
2005-01-11,142.5,143.75,140.5,141.149994,105.385902,1058761.0
2005-01-12,141.149994,142.699997,136.100006,139.399994,104.0793,2418238.0
2005-01-13,139.949997,141.0,138.0,140.050003,104.564629,1213667.0
2005-01-14,140.5,141.300003,138.600006,140.149994,104.639282,1193545.0
2005-01-17,139.899994,143.550003,138.550003,140.25,104.713951,4639274.0
2005-01-18,141.5,143.899994,140.050003,142.600006,106.468506,2081319.0
2005-01-19,142.25,143.149994,141.199997,142.050003,106.057846,1371947.0
2005-01-20,140.5,142.899994,140.300003,142.149994,106.132492,1627427.0
2005-01-24,141.199997,148.699997,141.199997,147.550003,110.164299,3124420.0
2005-01-25,147.399994,149.899994,146.550003,149.5,111.620209,2277253.0
2005-01-27,149.699997,153.949997,148.5,151.600006,113.188133,2910733.0
2005-01-28,151.600006,154.350006,151.050003,153.149994,114.34539,2494146.0
2005-01-31,154.0,160.100006,153.149994,159.800003,119.310463,3439520.0
2005-02-01,161.0,170.0,158.0,168.399994,125.731415,6434002.0
2005-02-02,168.800003,168.800003,163.5,164.649994,122.93158,1946027.0
2005-02-03,167.0,167.0,162.0,165.600006,123.640884,1127671.0
2005-02-04,169.800003,170.399994,165.100006,165.899994,123.864815,1812579.0
2005-02-07,167.0,169.0,161.5,162.100006,121.027679,1278033.0
2005-02-08,162.199997,163.5,158.600006,160.0,119.459747,1015870.0
2005-02-09,161.0,163.300003,158.5,160.449997,119.795723,1918437.0
2005-02-10,160.949997,160.949997,153.0,154.0,114.980003,3552560.0
2005-02-11,155.0,157.399994,150.0,155.449997,116.06263,6326568.0
2005-02-14,156.699997,157.75,150.649994,151.800003,113.337456,3459049.0
2005-02-15,151.949997,154.300003,151.050003,152.149994,113.598747,1546698.0
2005-02-16,153.0,153.899994,143.050003,143.899994,107.439102,3291286.0
2005-02-17,144.949997,146.399994,143.949997,144.949997,108.223099,1555276.0
2005-02-18,146.0,146.399994,143.100006,144.75,108.073715,1640307.0
2005-02-21,146.699997,146.699997,142.0,142.649994,106.505814,881403.0
2005-02-22,142.399994,146.5,141.25,145.449997,108.596375,2118307.0
2005-02-23,145.449997,146.699997,143.300003,143.899994,107.439102,1495692.0
2005-02-24,144.0,145.25,142.100006,142.75,106.580505,3336610.0
2005-02-25,143.0,144.949997,140.0,140.550003,104.937943,1471282.0
2005-02-28,142.0,146.0,139.800003,144.050003,107.551102,2238275.0
2005-03-01,147.800003,147.800003,143.699997,146.199997,109.156342,2661077.0
2005-03-02,146.0,147.399994,145.550003,146.850006,109.641663,1495034.0
2005-03-03,147.0,151.699997,146.0,150.300003,112.217499,2826124.0
2005-03-04,150.300003,151.600006,147.550003,149.800003,111.844185,2267144.0
2005-03-07,151.0,151.0,142.199997,144.949997,108.223099,8478558.0
2005-03-08,145.5,146.899994,145.0,146.050003,109.044373,1982425.0
2005-03-09,145.5,146.75,142.149994,144.149994,107.625771,1334137.0
2005-03-10,144.149994,146.100006,142.199997,144.149994,107.625771,1289779.0
2005-03-11,144.850006,145.25,143.25,143.649994,107.252472,784863.0
2005-03-14,142.0,144.649994,134.300003,138.300003,103.258057,2452891.0
2005-03-15,139.0,139.800003,135.100006,135.800003,101.391464,1889714.0
2005-03-16,136.5,137.5,135.0,135.399994,101.092812,1266690.0
2005-03-17,136.0,136.0,133.25,133.800003,99.898232,912463.0
2005-03-18,133.5,134.350006,132.0,133.649994,99.786224,940260.0
2005-03-21,134.0,134.0,129.699997,130.25,97.247711,982920.0
2005-03-22,130.25,132.5,129.100006,130.800003,97.658356,2252475.0
2005-03-23,130.25,134.5,130.25,133.649994,99.786224,2797087.0
2005-03-24,134.0,137.5,134.0,134.699997,100.57016,2048634.0
2005-03-28,134.0,136.350006,133.5,134.850006,100.682175,1179440.0
2005-03-29,135.399994,137.0,130.199997,131.25,97.994331,951515.0
2005-03-30,132.199997,132.449997,129.199997,131.25,97.994331,1283357.0
2005-03-31,131.25,133.699997,130.850006,131.949997,98.516975,1986687.0
2005-04-01,132.449997,133.449997,130.5,132.199997,98.703629,1466171.0
2005-04-04,133.399994,133.399994,130.5,131.5,98.180977,1485265.0
2005-04-05,132.0,132.0,129.0,129.75,96.874382,1815467.0
2005-04-06,131.800003,133.25,129.800003,132.75,99.114281,1245631.0
2005-04-07,133.25,134.550003,131.199997,132.050003,98.591614,1970155.0
2005-04-08,131.550003,133.800003,131.5,132.050003,98.591614,621206.0
2005-04-11,132.100006,132.649994,129.5,130.0,97.06105,561217.0
2005-04-12,130.649994,133.5,129.5,132.449997,98.890274,739026.0
2005-04-13,133.0,135.600006,132.600006,134.949997,100.756844,1484503.0
2005-04-15,134.0,134.5,131.050003,132.25,98.740952,1718251.0
2005-04-18,130.149994,132.699997,129.550003,130.100006,97.135727,635154.0
2005-04-19,130.149994,131.699997,125.5,126.900002,94.746521,1201085.0
2005-04-20,127.0,131.5,126.099998,131.199997,97.957016,1777612.0
2005-04-21,131.5,131.699997,129.5,131.199997,97.957016,917904.0
2005-04-22,131.300003,132.899994,131.300003,132.199997,98.703629,1134706.0
2005-04-25,132.850006,134.800003,130.699997,133.75,99.860916,1415787.0
2005-04-26,134.850006,139.399994,133.550003,137.75,102.847366,2469997.0
2005-04-27,137.75,144.0,137.050003,143.350006,107.028481,5232667.0
2005-04-28,142.300003,146.0,138.100006,144.5,107.887108,5265486.0
2005-04-29,144.100006,145.0,136.350006,137.550003,102.698059,3425320.0
2005-05-02,137.0,137.449997,131.399994,133.25,99.487572,2026651.0
2005-05-03,134.0,159.899994,131.649994,132.449997,98.890274,1492471.0
2005-05-04,133.100006,135.850006,132.649994,135.5,101.167465,1479870.0
2005-05-05,135.5,136.649994,134.25,134.949997,100.756844,1441778.0
2005-05-06,134.899994,134.949997,132.5,134.100006,100.122215,1632321.0
2005-05-09,134.199997,135.0,131.75,132.199997,98.703629,2568855.0
2005-05-10,133.0,134.199997,132.199997,132.699997,99.076927,2197453.0
2005-05-11,132.75,132.800003,131.0,131.649994,98.292992,1189244.0
2005-05-12,132.5,132.899994,130.100006,130.550003,97.471703,1661677.0
2005-05-13,131.0,132.149994,130.5,131.600006,98.255646,1213734.0
2005-05-16,132.0,133.5,131.100006,132.649994,99.039589,1251260.0
2005-05-17,133.0,133.699997,131.0,131.699997,98.330322,2002861.0
2005-05-18,132.5,132.899994,129.75,130.5,97.434341,1609146.0
2005-05-19,132.0,132.0,130.0,130.25,97.247711,1097150.0
2005-05-20,131.399994,131.399994,129.5,130.050003,97.098381,811403.0
2005-05-23,130.050003,130.800003,127.400002,127.849998,95.455803,1412642.0
2005-05-24,128.899994,129.899994,127.900002,129.300003,96.538414,2228859.0
2005-05-25,129.449997,130.0,128.75,129.449997,96.650391,831238.0
2005-05-26,129.449997,133.25,129.0,132.050003,98.591614,3204389.0
2005-05-27,131.25,141.649994,131.25,138.199997,103.183357,5288719.0
2005-05-30,139.0,145.449997,138.300003,144.449997,107.849762,4787139.0
2005-05-31,144.0,144.0,141.199997,143.25,106.953804,1495068.0
2005-06-01,143.199997,150.149994,142.899994,149.0,111.246895,6428462.0
2005-06-02,149.449997,149.899994,146.149994,147.350006,110.014999,2549324.0
2005-06-03,147.350006,147.850006,145.699997,146.800003,109.604347,2616560.0
2005-06-06,147.0,151.699997,146.100006,147.600006,110.201622,3444911.0
2005-06-07,145.0,145.949997,142.5,143.5,108.986458,2079064.0
2005-06-08,143.0,144.800003,141.0,142.449997,108.18898,2300268.0
2005-06-09,143.0,148.649994,142.850006,147.800003,112.252243,3097929.0
2005-06-10,149.0,149.0,145.25,145.899994,110.809212,1253856.0
2005-06-13,146.399994,150.0,145.550003,149.699997,113.695244,2287657.0
2005-06-14,149.949997,149.949997,146.5,148.0,112.404121,1194861.0
2005-06-15,147.199997,150.25,147.199997,149.100006,113.239578,1998457.0
2005-06-16,149.449997,151.75,148.100006,149.199997,113.315514,2752353.0
2005-06-17,149.0,150.050003,145.600006,149.350006,113.429466,1493832.0
2005-06-20,149.949997,151.350006,146.5,148.399994,112.707932,1544339.0
2005-06-21,148.399994,154.0,148.0,152.649994,115.93576,3042971.0
2005-06-22,156.0,156.0,152.5,154.399994,117.26487,3502167.0
2005-06-23,155.0,156.699997,153.100006,155.350006,117.986389,2414973.0
2005-06-24,153.800003,164.449997,152.050003,163.199997,123.948349,5712639.0
2005-06-27,163.0,165.149994,161.100006,162.449997,123.378761,4164970.0
2005-06-28,163.050003,168.399994,162.199997,162.800003,123.644562,4347028.0
2005-06-29,163.5,165.0,161.0,162.75,123.606567,2080072.0
2005-06-30,163.0,165.5,160.600006,164.050003,124.593925,4314541.0
2005-07-01,164.0,167.800003,163.350006,164.850006,125.201492,3786339.0
2005-07-04,164.050003,166.399994,163.5,164.300003,124.783783,1639641.0
2005-07-05,164.5,165.899994,160.550003,162.800003,123.644562,2436363.0
2005-07-06,164.0,164.300003,162.050003,163.149994,123.910347,1970008.0
2005-07-07,164.0,164.399994,156.100006,158.350006,120.264809,2121302.0
2005-07-08,160.550003,162.0,157.550003,158.649994,120.492676,1246085.0
2005-07-11,160.149994,160.5,157.0,158.199997,120.150909,1533261.0
2005-07-12,159.0,162.0,158.0,158.75,120.568626,3436745.0
2005-07-13,158.800003,160.0,156.149994,156.699997,119.011665,1061879.0
2005-07-14,157.0,158.449997,155.149994,155.649994,118.214211,2005818.0
2005-07-15,156.5,157.5,152.100006,156.300003,118.707863,1650194.0
2005-07-18,157.100006,160.899994,157.100006,159.949997,121.480034,2644670.0
2005-07-19,160.899994,162.300003,159.5,159.899994,121.442024,3522147.0
2005-07-20,161.0,161.899994,158.800003,160.25,121.707863,1393254.0
2005-07-21,160.0,161.800003,157.100006,158.449997,120.340752,1596852.0
2005-07-22,157.100006,162.550003,156.100006,161.699997,122.80912,1175637.0
2005-07-25,161.699997,166.25,161.699997,165.5,125.695175,3520965.0
2005-07-26,165.199997,165.800003,162.850006,164.050003,124.593925,1549365.0
2005-07-27,172.0,172.0,162.399994,164.350006,124.821754,1285354.0
2005-07-29,165.0,170.0,162.550003,166.649994,126.568588,3528292.0
2005-08-01,166.649994,174.899994,166.649994,174.100006,132.226761,3682940.0
2005-08-02,176.0,176.0,169.0,171.199997,130.024231,4839882.0
2005-08-03,171.949997,173.199997,167.149994,167.850006,127.479973,2905158.0
2005-08-04,171.5,171.5,167.0,167.5,127.214157,2055682.0
2005-08-05,167.75,168.75,164.699997,165.300003,125.543221,3333012.0
2005-08-08,164.0,165.25,159.100006,161.899994,124.849243,2619496.0
2005-08-09,161.5,163.800003,159.550003,160.550003,123.808212,1597865.0
2005-08-10,160.550003,164.25,160.550003,161.850006,124.810707,3760758.0
2005-08-11,161.5,171.399994,160.550003,169.75,130.902786,13874965.0
2005-08-12,170.199997,172.0,166.550003,168.600006,130.015961,2908162.0
2005-08-16,169.699997,172.0,167.050003,171.550003,132.290833,2752178.0
2005-08-17,172.0,174.0,170.100006,172.850006,133.29332,2685496.0
2005-08-18,172.350006,173.899994,168.25,168.699997,130.093094,1951814.0
2005-08-19,169.0,170.800003,167.100006,167.699997,129.32193,1463759.0
2005-08-22,168.0,170.5,165.949997,166.899994,128.704987,4240669.0
2005-08-23,167.0,167.600006,164.199997,164.899994,127.162712,3254294.0
2005-08-24,164.199997,165.75,160.649994,162.0,124.926376,1816358.0
2005-08-25,163.0,164.050003,161.100006,161.949997,124.88781,3023901.0
2005-08-26,162.0,165.5,162.0,163.600006,126.16021,1917001.0
2005-08-29,163.949997,165.0,159.75,162.350006,125.196274,1334468.0
2005-08-30,163.25,167.399994,163.25,166.600006,128.473648,1507789.0
2005-08-31,164.5,166.699997,164.399994,165.5,127.625381,1058237.0
2005-09-01,165.5,168.699997,165.399994,167.899994,129.476166,1507013.0
2005-09-02,166.0,170.0,165.5,169.100006,130.401566,1646905.0
2005-09-05,169.699997,170.199997,165.800003,166.5,128.3965,1357544.0
2005-09-06,168.399994,168.399994,164.850006,165.699997,127.779594,755506.0
2005-09-08,168.399994,168.649994,166.050003,166.550003,128.435104,1827287.0
2005-09-09,166.550003,167.899994,165.050003,165.600006,127.702522,1204794.0
2005-09-12,166.800003,170.649994,165.5,169.25,130.517166,4035771.0
2005-09-13,170.0,171.0,168.649994,169.25,130.517166,2705084.0
2005-09-14,169.0,172.899994,169.0,171.649994,132.36792,3659989.0
2005-09-15,173.0,176.800003,172.100006,176.149994,135.838104,2781344.0
2005-09-16,176.800003,179.800003,175.0,177.600006,136.956329,2765892.0
2005-09-19,178.649994,179.5,176.100006,177.149994,136.609283,1449854.0
2005-09-20,176.100006,178.0,172.0,174.649994,134.681396,1234650.0
2005-09-21,172.5,174.850006,166.649994,171.0,131.866699,1967479.0
2005-09-22,171.100006,171.149994,163.5,164.800003,127.085556,2676836.0
2005-09-23,166.0,173.350006,165.0,169.850006,130.979919,4961330.0
2005-09-26,173.0,177.25,170.5,176.149994,135.838104,2641551.0
2005-09-27,176.0,182.0,174.0,180.850006,139.46257,5086519.0
2005-09-28,182.25,185.949997,177.149994,184.550003,142.315765,5192063.0
2005-09-29,185.0,186.899994,182.5,185.300003,142.894135,3925971.0
2005-09-30,184.899994,184.899994,178.100006,181.149994,139.693878,1895735.0
2005-10-03,179.0,186.800003,179.0,185.899994,143.356827,2447256.0
2005-10-04,185.5,186.75,183.100006,184.050003,141.930252,1714796.0
2005-10-05,185.0,185.0,180.149994,180.649994,139.308304,1077573.0
2005-10-06,181.0,181.0,174.550003,175.050003,134.989853,2292985.0
2005-10-07,175.0,180.949997,174.5,180.100006,138.884186,2406648.0
2005-10-10,180.949997,183.800003,177.399994,180.199997,138.961288,2481866.0
2005-10-11,178.0,180.949997,177.0,178.699997,137.804581,816547.0
2005-10-13,178.0,179.899994,174.5,175.149994,135.066956,1771653.0
2005-10-14,175.149994,176.350006,172.25,173.199997,133.563217,1433631.0
2005-10-17,173.0,177.899994,171.600006,175.649994,135.452545,2434953.0
2005-10-18,175.5,178.949997,174.699997,175.75,135.529663,1722624.0
2005-10-19,174.699997,174.699997,167.050003,168.699997,130.093094,2005723.0
2005-10-20,171.75,172.899994,164.100006,168.649994,130.054489,1861566.0
2005-10-21,165.100006,172.199997,165.100006,171.300003,132.098022,2853807.0
2005-10-24,171.800003,172.199997,166.600006,167.199997,128.936325,1014468.0
2005-10-25,168.25,170.949997,166.5,167.449997,129.12912,2072100.0
2005-10-26,167.0,169.199997,164.600006,165.350006,127.509697,1625718.0
2005-10-27,165.899994,166.600006,159.0,162.300003,125.1577,3388599.0
2005-10-28,159.0,163.75,156.699997,157.649994,121.571838,2188084.0
2005-10-31,159.0,162.350006,158.050003,161.449997,124.502213,2136416.0
2005-11-02,152.550003,172.800003,152.550003,164.949997,127.201225,2437053.0
2005-11-07,162.350006,167.800003,162.350006,167.149994,128.897766,1601904.0
2005-11-08,167.399994,170.75,166.050003,169.649994,130.825638,3368603.0
2005-11-09,169.5,173.5,166.800003,172.449997,132.984879,1884264.0
2005-11-10,173.0,173.5,167.600006,168.600006,130.015961,2369044.0
2005-11-11,173.5,173.949997,169.100006,172.199997,132.792068,1990827.0
2005-11-14,173.949997,179.800003,168.5,170.75,131.673889,1953179.0
2005-11-16,170.75,172.0,168.5,168.899994,130.247284,1763130.0
2005-11-17,169.0,170.5,168.050003,169.649994,130.825638,1743736.0
2005-11-18,170.5,173.699997,169.0,172.649994,133.139084,2810835.0
2005-11-21,172.75,174.0,169.100006,170.399994,131.404007,2179567.0
2005-11-22,170.899994,172.649994,168.199997,169.449997,130.671463,1564713.0
2005-11-23,169.25,172.800003,169.25,172.300003,132.869186,1358860.0
2005-11-24,172.300003,177.5,172.300003,176.949997,136.455078,4591645.0
2005-11-25,177.0,188.899994,176.5,186.699997,143.973755,5064539.0
2005-11-28,187.5,193.0,186.699997,191.699997,147.829514,4498819.0
2005-11-29,192.0,192.0,185.800003,187.649994,144.706345,4608345.0
2005-11-30,188.0,190.949997,181.149994,182.100006,140.426483,3613935.0
2005-12-01,183.0,186.800003,180.550003,185.949997,143.395386,1728271.0
2005-12-02,198.0,198.0,184.550003,185.600006,143.125504,1641947.0
2005-12-05,186.899994,188.800003,185.75,187.600006,144.667801,2415977.0
2005-12-06,188.0,188.0,182.649994,185.649994,143.164093,2289880.0
2005-12-07,186.0,188.199997,184.600006,187.949997,144.937668,2052245.0
2005-12-08,188.199997,189.100006,184.5,188.0,144.976242,2235155.0
2005-12-09,188.5,190.399994,188.149994,188.949997,145.708847,1606941.0
2005-12-12,189.5,191.449997,185.649994,186.300003,143.665298,1614055.0
2005-12-13,186.800003,190.0,185.399994,188.5,145.361801,3687521.0
2005-12-14,188.0,189.899994,185.149994,187.600006,144.667801,1224205.0
2005-12-15,188.0,190.800003,186.149994,187.100006,144.282211,1614607.0
2005-12-16,188.0,189.800003,185.5,188.350006,145.246155,1888306.0
2005-12-19,189.0,196.5,187.100006,195.399994,150.6828,4464717.0
2005-12-20,194.0,198.0,192.550003,194.550003,150.027298,2666707.0
2005-12-21,195.0,199.149994,194.100006,195.600006,150.837006,2489455.0
2005-12-22,197.0,197.0,194.100006,195.100006,150.451447,1797619.0
2005-12-23,196.0,198.399994,191.649994,193.100006,148.909119,1868235.0
2005-12-26,193.5,193.899994,187.199997,188.949997,145.708847,1580571.0
2005-12-27,189.0,193.949997,186.0,192.350006,148.33078,1668140.0
2005-12-28,193.800003,194.800003,189.350006,193.399994,149.140472,1085392.0
2005-12-29,194.0,195.5,192.100006,195.100006,150.451447,2046918.0
2005-12-30,195.100006,200.800003,193.800003,197.199997,152.070831,5193162.0
2006-01-02,199.5,199.5,194.550003,195.100006,150.451447,855427.0
2006-01-03,195.5,197.449997,194.649994,196.25,151.338242,956939.0
2006-01-04,196.25,197.100006,194.550003,195.050003,150.412888,1652591.0
2006-01-05,195.899994,196.800003,194.100006,194.800003,150.220078,1142455.0
2006-01-06,194.25,195.449997,190.25,193.5,149.21759,1892812.0
2006-01-09,193.5,194.699997,190.550003,193.25,149.024796,2006029.0
2006-01-10,192.0,192.0,188.300003,189.050003,145.78598,871184.0
2006-01-12,189.0,191.5,186.100006,187.699997,144.744919,2038424.0
2006-01-13,188.850006,190.350006,185.75,186.649994,143.935226,1985644.0
2006-01-16,189.899994,189.899994,185.649994,186.600006,143.896652,1005123.0
2006-01-17,188.0,189.5,184.25,186.050003,143.472534,996234.0
2006-01-18,186.0,186.0,181.050003,184.600006,142.354401,1559920.0
2006-01-19,186.0,188.25,183.0,187.649994,144.706345,837862.0
2006-01-20,188.5,189.0,185.149994,186.399994,143.742416,608038.0
2006-01-23,185.149994,189.0,183.550003,188.0,144.976242,1536513.0
2006-01-24,188.949997,190.300003,187.050003,188.300003,145.207581,1234824.0
2006-01-25,188.5,197.199997,188.5,196.199997,151.299667,6759837.0
2006-01-27,196.25,201.050003,194.649994,195.100006,150.451447,3509648.0
2006-01-30,197.149994,197.5,191.300003,192.149994,148.176514,1365592.0
2006-01-31,193.600006,195.75,191.75,195.25,150.567093,2632805.0
2006-02-01,194.199997,196.800003,190.149994,191.600006,147.752457,1922016.0
2006-02-02,193.0,199.300003,191.600006,193.550003,149.25618,4984634.0
2006-02-03,193.899994,194.25,189.5,190.300003,146.749893,2316006.0
2006-02-06,191.0,196.0,188.0,194.649994,150.104401,2376792.0
2006-02-07,195.899994,198.399994,194.550003,197.800003,152.533554,2188701.0
2006-02-08,197.050003,198.149994,190.100006,197.199997,152.070831,2114139.0
2006-02-10,198.149994,209.399994,197.25,208.050003,160.437836,9290620.0
2006-02-13,207.0,210.100006,203.399994,209.5,161.556015,4404005.0
2006-02-14,210.0,226.800003,205.75,224.449997,173.084686,18132894.0
2006-02-15,226.300003,236.699997,226.0,235.899994,181.914352,12458318.0
2006-02-16,235.0,239.899994,230.5,238.449997,183.880798,6278927.0
2006-02-17,238.800003,238.800003,229.600006,230.699997,177.904358,3513037.0
2006-02-20,232.600006,241.0,227.5,238.5,183.919357,4451097.0
2006-02-21,238.5,243.399994,234.149994,237.0,182.762634,4564546.0
2006-02-22,236.800003,242.649994,236.0,241.5,186.232788,5658324.0
2006-02-23,241.949997,252.649994,241.5,247.050003,190.512695,10900196.0
2006-02-24,248.300003,249.899994,241.649994,242.199997,186.772598,2666147.0
2006-02-27,243.899994,244.850006,237.850006,238.649994,184.035019,2944955.0
2006-02-28,241.0,246.399994,239.050003,243.699997,187.929321,4857106.0
2006-03-01,243.0,247.5,242.5,245.449997,189.278885,3424694.0
2006-03-02,245.0,248.949997,243.0,244.199997,188.314926,2257987.0
2006-03-03,245.0,246.949997,242.0,244.25,188.35347,2205740.0
2006-03-06,245.5,247.399994,242.75,243.449997,187.736526,2717915.0
2006-03-07,245.899994,254.100006,245.899994,252.300003,194.561218,7592715.0
2006-03-08,250.0,252.899994,241.25,242.75,187.196747,4099375.0
2006-03-09,242.899994,245.899994,238.399994,244.550003,188.584869,3280634.0
2006-03-10,246.699997,252.949997,245.449997,252.0,194.32991,1891848.0
2006-03-13,252.0,256.799988,250.0,252.899994,195.023895,2017250.0
2006-03-14,252.25,259.899994,250.800003,257.899994,198.879669,2724839.0
2006-03-16,258.5,260.0,253.600006,258.450012,199.303833,2406134.0
2006-03-17,259.0,259.799988,253.0,254.050003,195.910736,957433.0
2006-03-20,254.5,256.799988,251.600006,252.649994,194.831116,1689511.0
2006-03-21,256.799988,256.799988,250.199997,252.100006,194.406982,1952787.0
2006-03-22,252.300003,256.899994,248.149994,255.300003,196.874649,3314419.0
2006-03-23,256.100006,257.049988,253.25,255.25,196.836136,1979587.0
2006-03-24,255.0,257.950012,254.149994,255.649994,197.144592,2820491.0
2006-03-27,255.0,269.200012,255.0,268.549988,207.092392,6033276.0
2006-03-28,270.0,274.0,266.299988,267.799988,206.514038,5058902.0
2006-03-29,270.0,270.75,264.299988,266.5,205.511566,3872861.0
2006-03-30,270.75,279.0,261.299988,273.200012,210.678253,5253775.0
2006-03-31,275.0,275.0,266.25,272.0,209.752914,2917132.0
2006-04-03,270.049988,280.399994,270.049988,279.299988,215.382278,1937373.0
2006-04-04,279.899994,282.950012,275.399994,281.600006,217.155945,2193660.0
2006-04-05,283.0,292.0,278.25,288.899994,222.785339,3947120.0
2006-04-07,272.0,295.299988,272.0,281.5,217.078781,6272666.0
2006-04-10,282.950012,284.75,276.700012,280.0,215.922089,4936334.0
2006-04-12,272.0,285.0,272.0,273.549988,210.948181,3646533.0
2006-04-13,272.0,276.299988,263.299988,271.600006,209.444412,2873466.0
2006-04-17,271.600006,276.0,265.25,275.200012,212.220596,1714037.0
2006-04-18,276.0,283.399994,275.100006,279.700012,215.690781,4725735.0
2006-04-19,282.799988,284.799988,274.149994,277.049988,213.647202,5101682.0
2006-04-20,277.600006,278.0,274.399994,276.549988,213.261597,3375295.0
2006-04-21,276.100006,285.75,276.100006,284.799988,219.623581,5496179.0
2006-04-24,285.5,290.799988,284.799988,285.850006,220.433334,3613597.0
2006-04-25,286.850006,289.0,276.299988,278.25,214.572556,2812310.0
2006-04-26,278.100006,291.100006,274.299988,289.649994,223.363693,3398593.0
2006-04-27,291.100006,296.0,285.25,288.200012,222.24556,3150162.0
2006-04-28,284.899994,294.799988,270.5,290.549988,226.018341,11405086.0
2006-05-02,291.5,294.899994,277.299988,292.350006,227.418549,5952778.0
2006-05-03,290.0,295.850006,288.600006,293.75,228.507584,3223349.0
2006-05-04,295.850006,295.850006,287.049988,292.950012,227.8853,2379987.0
2006-05-05,290.049988,293.899994,284.0,284.899994,221.623199,1866519.0
2006-05-08,286.0,287.799988,280.049988,283.0,220.145142,2904345.0
2006-05-09,283.0,284.950012,277.5,279.25,217.228073,4274559.0
2006-05-10,284.0,284.0,278.0,279.850006,217.694794,4392581.0
2006-05-11,281.600006,282.450012,277.0,278.299988,216.48909,1899511.0
2006-05-12,277.0,277.950012,272.600006,273.5,212.755173,1123309.0
2006-05-15,273.799988,273.799988,260.0,262.200012,203.964905,2572981.0
2006-05-16,263.0,275.299988,252.25,270.649994,210.538132,3100547.0
2006-05-17,273.200012,280.0,271.0,275.450012,214.272049,1959354.0
2006-05-18,274.0,274.0,254.0,258.25,200.892258,2172999.0
2006-05-19,261.299988,266.0,240.0,243.050003,189.068161,2656982.0
2006-05-22,245.0,249.850006,215.0,238.050003,185.178665,5134693.0
2006-05-23,238.399994,242.5,225.5,238.149994,185.25647,4210227.0
2006-05-24,241.0,247.350006,220.100006,226.899994,176.505081,5435140.0
2006-05-25,225.0,240.399994,218.0,236.800003,184.206284,5162953.0
2006-05-26,240.0,248.850006,239.5,243.550003,189.457108,3475280.0
2006-05-29,246.699997,248.5,239.449997,241.449997,187.823517,1064963.0
2006-05-30,243.0,244.899994,234.550003,241.600006,187.940247,2753149.0
2006-05-31,234.550003,236.800003,223.600006,233.449997,181.600327,3035801.0
2006-06-01,235.0,237.0,223.0,225.0,175.027084,3875425.0
2006-06-02,226.0,244.899994,224.0,242.0,188.251373,3356747.0
2006-06-05,245.100006,245.100006,233.050003,235.649994,183.311676,2511187.0
2006-06-06,230.0,231.5,222.050003,224.600006,174.715942,2594742.0
2006-06-07,224.0,227.899994,217.550003,220.449997,171.487656,2885547.0
2006-06-08,219.850006,219.850006,195.199997,204.449997,159.04129,5969615.0
2006-06-09,203.5,213.25,201.0,206.149994,160.363708,3710239.0
2006-06-12,207.949997,207.949997,194.100006,196.699997,153.012589,3062773.0
2006-06-13,194.100006,194.100006,185.350006,188.300003,146.478271,3546241.0
2006-06-14,190.0,196.199997,180.0,186.350006,144.961304,2952791.0
2006-06-15,190.0,204.399994,190.0,201.850006,157.018768,3577377.0
2006-06-16,204.399994,220.0,204.399994,215.649994,167.753754,3316245.0
2006-06-19,211.050003,226.0,210.649994,222.75,173.27684,1361116.0
2006-06-20,216.0,219.0,210.199997,216.600006,168.492783,2431904.0
2006-06-21,215.0,219.850006,211.199997,218.449997,169.931854,2960164.0
2006-06-22,219.850006,225.899994,217.399994,218.649994,170.087463,1633922.0
2006-06-23,217.399994,223.399994,210.050003,221.850006,172.576736,2060869.0
2006-06-26,223.0,223.0,210.199997,213.300003,165.92569,2009260.0
2006-06-27,215.0,222.0,210.350006,220.0,171.137604,2816967.0
2006-06-28,214.0,221.5,212.550003,216.149994,168.142685,2447981.0
2006-06-29,216.899994,220.050003,205.350006,209.550003,163.008591,3924629.0
2006-06-30,220.0,230.800003,215.75,229.050003,178.177567,5349696.0
2006-07-03,230.100006,239.850006,227.399994,236.550003,184.011826,5182651.0
2006-07-04,238.899994,239.0,231.550003,233.0,181.250305,1847743.0
2006-07-05,233.0,244.449997,231.0,242.25,188.445847,6459786.0
2006-07-06,243.0,246.199997,234.199997,242.699997,188.795898,4547527.0
2006-07-07,243.0,244.949997,235.600006,237.699997,184.906403,2656781.0
2006-07-10,235.600006,241.850006,232.100006,240.050003,186.734436,2157531.0
2006-07-11,240.0,245.0,234.100006,235.399994,183.117203,2247841.0
2006-07-12,234.100006,240.0,225.5,237.949997,185.100876,2848037.0
2006-07-13,235.0,244.800003,235.0,243.800003,189.651581,4593614.0
2006-07-14,241.0,243.399994,238.0,241.300003,187.706863,2107593.0
2006-07-17,241.0,241.0,228.300003,230.5,179.305542,1863581.0
2006-07-18,230.0,234.449997,226.100006,230.75,179.500015,2732662.0
2006-07-19,233.100006,233.949997,222.149994,223.699997,174.015808,1389211.0
2006-07-20,228.0,233.399994,225.149994,231.300003,179.927841,1617694.0
2006-07-21,230.300003,230.300003,222.050003,223.550003,173.899139,1049948.0
2006-07-24,221.300003,229.800003,216.350006,228.149994,177.477448,1731694.0
2006-07-25,230.0,236.75,230.0,234.350006,182.300446,2227262.0
2006-07-26,233.350006,242.800003,231.550003,240.800003,187.317902,2516275.0
2006-07-27,241.0,247.5,239.800003,246.300003,191.596329,4393516.0
2006-07-28,247.5,249.300003,240.0,242.699997,188.795898,2072121.0
2006-07-31,246.0,249.5,230.199997,232.699997,181.016937,3441611.0
2006-08-01,230.800003,236.399994,226.149994,228.800003,177.983124,3565829.0
2006-08-02,229.850006,232.0,225.350006,228.149994,177.477448,3168861.0
2006-08-03,231.0,232.75,223.0,224.699997,174.793716,4151094.0
2006-08-04,225.0,227.899994,219.100006,220.5,171.52655,5298788.0
2006-08-07,221.25,223.5,218.149994,219.449997,170.709747,2795761.0
2006-08-08,218.949997,223.949997,217.899994,223.050003,175.91507,4036452.0
2006-08-09,223.449997,227.850006,221.100006,224.050003,176.703735,3846584.0
2006-08-10,224.399994,227.699997,222.050003,223.449997,176.230515,2596178.0
2006-08-11,225.100006,226.600006,221.100006,223.199997,176.033371,2798537.0
2006-08-14,224.5,228.449997,222.75,227.149994,179.148651,4352208.0
2006-08-16,227.149994,232.0,227.149994,230.5,181.790741,4229231.0
2006-08-17,230.5,236.0,230.5,234.899994,185.260941,7611025.0
2006-08-18,235.5,239.399994,234.0,237.949997,187.666367,3690403.0
2006-08-21,238.75,238.75,234.550003,236.350006,186.40451,1471057.0
2006-08-22,238.050003,238.649994,231.149994,232.600006,183.44696,2082130.0
2006-08-23,232.0,233.5,228.75,229.850006,181.278076,2040338.0
2006-08-24,229.0,233.0,226.75,231.800003,182.815979,3087278.0
2006-08-25,232.0,237.850006,231.100006,236.600006,186.601639,3630320.0
2006-08-28,238.350006,241.0,234.149994,240.300003,189.519775,1969532.0
2006-08-29,242.350006,242.850006,234.199997,234.899994,185.260941,3015565.0
2006-08-30,239.899994,239.899994,235.0,236.5,186.522842,1181320.0
2006-08-31,238.899994,239.25,233.399994,234.449997,184.906021,2351345.0
2006-09-01,235.0,239.600006,233.699997,238.850006,188.37619,1681942.0
2006-09-04,239.0,244.350006,239.0,243.5,192.043579,2400099.0
2006-09-05,243.699997,244.0,241.5,242.550003,191.294312,1051648.0
2006-09-06,242.0,244.399994,238.100006,238.949997,188.455063,2429878.0
2006-09-07,238.0,241.5,236.899994,238.949997,188.455063,1730267.0
2006-09-08,239.0,242.0,235.550003,240.899994,189.993011,2152478.0
2006-09-11,241.699997,241.800003,228.100006,230.25,181.593536,2261191.0
2006-09-12,229.899994,232.25,225.100006,229.25,180.804871,1653969.0
2006-09-13,231.25,237.199997,231.25,235.649994,185.852402,2166461.0
2006-09-14,237.0,240.800003,234.050003,238.949997,188.455063,2162057.0
2006-09-15,240.0,244.449997,236.5,243.800003,192.280167,3554954.0
2006-09-18,243.899994,251.0,243.899994,250.350006,197.446014,5175926.0
2006-09-19,251.0,253.899994,244.100006,247.050003,194.843369,3496946.0
2006-09-20,245.0,250.800003,243.25,250.149994,197.288254,1709573.0
2006-09-21,251.5,259.5,251.5,259.100006,204.347,3080789.0
2006-09-22,258.0,259.950012,254.0,258.100006,203.558258,1413931.0
2006-09-25,258.100006,258.100006,252.25,253.350006,199.812088,587774.0
2006-09-26,249.149994,259.75,249.149994,258.549988,203.913177,2930439.0
2006-09-27,258.25,262.950012,256.350006,257.700012,203.242828,3389895.0
2006-09-28,258.0,261.899994,253.25,254.75,200.916183,2652533.0
2006-09-29,254.699997,258.850006,254.699997,257.149994,202.809021,955792.0
2006-10-03,257.149994,258.0,248.5,249.449997,196.736206,3713503.0
2006-10-04,250.100006,252.800003,245.0,247.300003,195.040558,2193048.0
2006-10-05,250.0,251.949997,248.350006,249.949997,197.130539,1614944.0
2006-10-06,250.0,251.449997,245.0,245.399994,193.542038,2581804.0
2006-10-09,245.100006,247.199997,242.100006,243.350006,191.925232,2292568.0
2006-10-10,244.0,244.899994,238.100006,238.75,188.297302,5366666.0
2006-10-11,239.0,241.449997,234.0,234.949997,185.300339,3006261.0
2006-10-12,235.199997,235.199997,230.600006,232.300003,183.210358,7043930.0
2006-10-13,234.100006,239.25,234.100006,236.149994,186.246765,4479590.0
2006-10-16,237.0,239.899994,236.25,237.149994,187.035431,4123693.0
2006-10-17,237.5,238.149994,229.649994,232.149994,183.092026,4095931.0
2006-10-18,232.149994,236.199997,231.050003,233.0,183.762421,4111581.0
2006-10-19,234.850006,235.5,230.0,231.75,182.776581,2223073.0
2006-10-20,233.050003,234.0,230.649994,231.75,182.776581,1235462.0
2006-10-23,232.5,232.800003,228.149994,229.300003,180.844315,2459266.0
2006-10-26,229.300003,230.800003,224.0,225.0,177.452972,9101504.0
2006-10-27,228.0,228.0,222.699997,226.100006,178.320526,6958585.0
2006-10-30,227.100006,230.0,226.100006,228.850006,180.48938,1924927.0
2006-10-31,230.0,236.449997,226.199997,233.649994,184.27507,7173111.0
2006-11-01,237.0,238.850006,233.399994,237.550003,187.350876,6217250.0
2006-11-02,238.149994,240.899994,236.0,237.5,187.311478,2568677.0
2006-11-03,238.0,238.600006,234.600006,236.149994,186.246765,2509129.0
2006-11-06,236.5,248.0,235.25,246.949997,194.764481,6029500.0
2006-11-07,247.399994,250.350006,244.350006,248.0,195.592636,5731124.0
2006-11-08,249.0,249.5,240.800003,247.050003,194.843369,3571491.0
2006-11-09,246.0,255.0,246.0,250.449997,197.524887,7914960.0
2006-11-10,249.5,255.300003,248.550003,253.300003,199.772629,3994852.0
2006-11-13,253.0,254.949997,251.5,252.649994,199.259964,2037822.0
2006-11-14,253.800003,253.800003,245.399994,248.850006,196.263,3679355.0
2006-11-15,249.699997,250.0,242.5,244.0,192.437927,4219373.0
2006-11-16,247.0,248.899994,241.649994,243.199997,191.806931,4198183.0
2006-11-17,243.0,244.199997,237.149994,239.649994,189.007126,4022754.0
2006-11-20,239.899994,244.199997,234.800003,243.199997,191.806931,3949454.0
2006-11-21,244.0,249.75,241.550003,248.300003,195.829224,2814427.0
2006-11-22,248.5,250.0,244.149994,245.0,193.226563,3076568.0
2006-11-23,245.0,246.800003,240.050003,240.649994,189.795807,1915806.0
2006-11-24,240.0,245.899994,240.0,242.800003,191.491455,3322346.0
2006-11-27,243.0,246.149994,238.199997,239.449997,188.849396,1885973.0
2006-11-28,231.050003,239.850006,231.050003,236.550003,186.562256,1808445.0
2006-11-29,239.399994,240.0,235.199997,236.050003,186.167892,1856708.0
2006-11-30,236.050003,239.5,234.0,235.199997,185.497498,4839955.0
2006-12-01,236.699997,243.199997,235.5,240.5,189.67749,4059522.0
2006-12-04,241.399994,242.100006,238.449997,239.25,188.691666,2218759.0
2006-12-05,244.0,244.0,237.649994,238.550003,188.139633,1978327.0
2006-12-06,239.0,241.100006,237.0,238.75,188.297302,2497310.0
2006-12-07,240.0,242.5,237.050003,240.399994,189.598648,1843768.0
2006-12-08,242.0,242.899994,233.149994,233.899994,184.472229,1958596.0
2006-12-11,234.050003,236.0,223.25,229.199997,180.765442,3079285.0
2006-12-12,229.699997,229.699997,218.0,223.300003,176.112228,4901229.0
2006-12-13,224.899994,225.0,217.149994,219.050003,172.760345,3585172.0
2006-12-14,220.550003,231.350006,215.25,227.5,179.424683,7433192.0
2006-12-15,228.0,232.649994,226.600006,230.75,181.9879,4652891.0
2006-12-18,230.75,232.050003,223.199997,230.600006,181.869583,1988275.0
2006-12-19,231.0,231.0,221.100006,225.050003,177.492432,1686821.0
2006-12-20,226.0,227.0,217.25,218.149994,172.050537,3913578.0
2006-12-21,218.5,221.899994,216.550003,219.699997,173.272964,2945450.0
2006-12-22,220.550003,221.75,218.550003,219.350006,172.996948,1907219.0
2006-12-26,219.350006,221.899994,219.050003,220.850006,174.179962,2463323.0
2006-12-27,222.0,224.350006,218.600006,219.550003,173.154678,3122931.0
2006-12-28,221.0,221.5,218.649994,220.399994,173.825012,3354779.0
2006-12-29,220.75,221.0,215.699997,216.399994,170.670319,4701874.0
2007-01-02,216.399994,219.0,215.449997,216.399994,170.670319,2626898.0
2007-01-03,217.0,217.649994,211.050003,212.0,167.200165,4603921.0
2007-01-04,213.0,214.25,209.649994,210.600006,166.096008,5486460.0
2007-01-05,211.399994,214.25,209.550003,213.350006,168.264877,5706066.0
2007-01-08,213.350006,213.350006,207.100006,210.100006,165.70166,3760443.0
2007-01-09,210.100006,214.199997,208.699997,209.850006,165.504456,5474633.0
2007-01-10,209.0,213.0,207.649994,208.5,164.439758,3054968.0
2007-01-11,210.0,218.899994,209.0,217.850006,171.813934,5407360.0
2007-01-12,218.0,221.75,216.5,219.699997,173.272964,2856723.0
2007-01-15,221.800003,223.399994,218.600006,221.649994,174.810898,2593360.0
2007-01-16,222.0,223.300003,218.600006,220.0,173.509567,3063350.0
2007-01-17,220.0,222.5,218.899994,220.600006,173.982819,1289475.0
2007-01-18,220.0,225.0,219.0,224.0,176.664261,3426135.0
2007-01-19,225.5,225.800003,220.050003,221.75,174.889755,3008711.0
2007-01-22,223.0,225.449997,221.399994,224.600006,177.137512,1891398.0
2007-01-23,224.899994,224.899994,219.449997,222.199997,175.244659,1979280.0
2007-01-24,222.25,223.800003,213.050003,214.399994,169.092957,6151522.0
2007-01-25,211.100006,218.0,211.100006,216.25,170.552048,3554389.0
2007-01-29,216.25,216.600006,213.600006,214.949997,169.526749,2786709.0
2007-01-31,214.949997,216.350006,207.149994,208.25,164.242569,4857234.0
2007-02-01,208.100006,210.850006,203.0,207.300003,163.493317,3322091.0
2007-02-02,209.0,210.0,207.0,209.050003,164.873535,2315743.0
2007-02-05,210.0,211.25,206.5,207.850006,163.927109,1655028.0
2007-02-06,215.0,215.0,207.649994,209.100006,164.912994,2821802.0
2007-02-07,209.0,210.949997,206.100006,207.350006,163.532806,3195680.0
2007-02-08,210.0,210.0,204.5,205.600006,162.152588,1987168.0
2007-02-09,206.75,208.0,202.050003,202.699997,159.865402,2512569.0
2007-02-12,202.5,206.449997,199.699997,203.350006,160.378082,4083269.0
2007-02-13,203.0,203.350006,199.5,201.0,158.524628,4913396.0
2007-02-14,201.199997,202.0,196.100006,200.449997,158.090866,2694417.0
2007-02-15,204.899994,207.050003,202.449997,205.949997,162.428604,3852631.0
2007-02-19,205.949997,208.899994,204.550003,205.199997,161.837112,1977013.0
2007-02-20,209.899994,209.899994,197.600006,199.600006,157.420517,5957956.0
2007-02-21,200.0,202.0,193.649994,195.850006,154.462967,7375310.0
2007-02-22,196.0,197.899994,185.0,191.449997,150.992752,7082444.0
2007-02-23,191.0,194.899994,186.5,188.149994,148.390137,3379036.0
2007-02-26,189.0,191.0,186.5,189.550003,149.494293,1634941.0
2007-02-27,190.0,190.850006,184.75,185.449997,146.260651,3554365.0
2007-02-28,181.0,182.600006,165.050003,176.350006,139.083725,3696108.0
2007-03-01,177.899994,177.899994,173.0,176.050003,138.847107,4539270.0
2007-03-02,177.0,181.850006,175.350006,179.050003,141.21315,3389952.0
2007-03-05,176.0,178.399994,171.649994,174.050003,137.269745,2845238.0
2007-03-06,173.0,177.649994,170.550003,171.5,135.258621,1976817.0
2007-03-07,176.0,176.0,165.600006,167.300003,131.946167,1841821.0
2007-03-08,169.899994,184.899994,168.100006,183.800003,144.959366,2320674.0
2007-03-09,185.149994,187.800003,180.5,183.75,144.919937,2447269.0
2007-03-12,183.75,191.550003,183.0,185.0,145.905762,3072289.0
2007-03-13,186.0,186.0,179.5,181.149994,142.869354,4305782.0
2007-03-14,179.0,179.0,170.149994,176.850006,139.478058,3839949.0
2007-03-15,178.0,180.699997,175.0,177.050003,139.635818,3380697.0
2007-03-16,179.899994,179.899994,173.25,176.949997,139.5569,1493753.0
2007-03-19,176.0,180.899994,176.0,180.199997,142.120117,1160814.0
2007-03-20,181.949997,185.0,180.300003,184.100006,145.195969,2926171.0
2007-03-21,185.0,192.75,183.100006,191.0,150.637878,2501005.0
2007-03-22,194.0,199.949997,194.0,196.699997,155.133347,5254423.0
2007-03-23,195.0,200.0,194.199997,198.550003,156.592407,3611678.0
2007-03-26,203.899994,203.899994,196.25,198.100006,156.237488,3679937.0
2007-03-28,198.100006,200.350006,194.649994,197.649994,155.882614,5051269.0
2007-03-29,198.899994,208.25,197.0,205.0,161.679367,5561716.0
2007-03-30,205.0,206.5,199.0,205.199997,161.837112,6419981.0
2007-04-02,202.0,204.0,193.600006,195.699997,154.34465,2708851.0
2007-04-03,195.699997,201.649994,194.149994,200.199997,157.893723,3157465.0
2007-04-04,200.0,202.899994,195.550003,197.800003,156.00087,3460603.0
2007-04-05,197.0,203.350006,196.5,200.0,157.735962,4437311.0
2007-04-09,200.0,206.199997,199.899994,204.649994,161.403336,3916405.0
2007-04-10,205.100006,209.699997,204.050003,208.75,164.636948,1800390.0
2007-04-11,208.5,209.0,202.699997,205.649994,162.192032,1863843.0
2007-04-12,205.649994,209.0,202.5,207.850006,163.927109,1739186.0
2007-04-13,208.0,210.0,205.100006,206.699997,163.020096,1724842.0
2007-04-16,208.699997,214.100006,207.199997,213.600006,168.462036,2298448.0
2007-04-17,215.0,215.800003,211.050003,211.699997,166.963531,2218055.0
2007-04-18,212.350006,214.5,207.149994,208.149994,164.163696,1095823.0
2007-04-19,207.0,207.949997,204.0,207.050003,163.296173,2600964.0
2007-04-20,206.850006,209.300003,204.5,205.350006,164.336517,1964981.0
2007-04-23,206.199997,207.949997,201.199997,202.300003,161.895706,2401381.0
2007-04-24,201.75,209.25,201.75,208.149994,166.577286,2033100.0
2007-04-25,208.100006,215.399994,204.550003,211.25,169.058167,3344224.0
2007-04-26,212.149994,217.0,211.699997,215.350006,172.339279,3508980.0
2007-04-27,215.0,218.75,208.449997,210.850006,168.738022,1791697.0
2007-04-30,211.350006,212.0,197.399994,199.300003,159.494873,6343341.0
2007-05-03,199.300003,204.899994,194.5,195.850006,156.733932,5489214.0
2007-05-04,196.5,199.800003,194.550003,195.149994,156.173721,3109705.0
2007-05-07,196.0,198.0,194.600006,195.899994,156.773941,1773056.0
2007-05-08,196.0,196.949997,193.5,194.550003,155.693542,895230.0
2007-05-09,193.149994,195.399994,190.600006,191.100006,152.932632,1726910.0
2007-05-10,191.25,193.800003,189.550003,190.0,152.052322,2319047.0
2007-05-11,187.399994,188.899994,180.149994,185.699997,148.61113,3327465.0
2007-05-14,190.300003,192.899994,188.199997,192.149994,153.772873,2424935.0
2007-05-15,193.0,194.399994,191.600006,193.100006,154.533157,1760327.0
2007-05-16,193.699997,198.5,193.25,197.649994,158.174438,3126044.0
2007-05-17,198.550003,200.399994,194.300003,195.149994,156.173721,3159139.0
2007-05-18,196.0,196.0,192.399994,193.600006,154.933273,2248781.0
2007-05-21,195.0,196.0,193.100006,193.600006,154.933273,909472.0
2007-05-22,194.600006,196.100006,192.199997,194.699997,155.813614,1535096.0
2007-05-23,195.100006,200.0,192.5,198.550003,158.894669,3232915.0
2007-05-24,198.5,203.699997,197.100006,201.199997,161.015381,2553640.0
2007-05-25,199.949997,205.649994,196.100006,203.149994,162.575928,2587580.0
2007-05-28,204.5,205.699997,199.600006,200.5,160.45517,1648096.0
2007-05-29,201.5,205.0,199.75,203.699997,163.016037,1924917.0
2007-05-30,203.0,203.0,197.350006,198.600006,158.934692,2116037.0
2007-05-31,198.5,205.399994,198.100006,203.399994,162.776001,3374242.0
2007-06-01,205.0,206.0,201.0,201.550003,161.295471,2201296.0
2007-06-04,202.800003,203.800003,195.149994,196.199997,157.013992,3105871.0
2007-06-05,197.0,199.0,193.5,195.800003,156.693893,3270792.0
2007-06-06,195.800003,198.199997,193.350006,195.600006,156.533829,2989165.0
2007-06-07,195.0,196.0,190.0,191.550003,153.292725,2632555.0
2007-06-08,191.550003,192.449997,188.0,188.949997,151.21199,2662580.0
2007-06-11,190.0,192.399994,186.100006,187.399994,149.971603,2393261.0
2007-06-12,191.0,192.0,188.100006,190.050003,152.092331,2861443.0
2007-06-13,191.0,191.0,186.0,186.800003,149.491425,2004085.0
2007-06-14,187.0,189.75,186.199997,186.800003,149.491425,1473855.0
2007-06-15,188.5,189.449997,186.5,187.149994,149.77153,1665131.0
2007-06-18,189.0,189.0,186.800003,187.75,150.251678,1318850.0
2007-06-19,188.5,189.800003,188.0,188.949997,151.21199,2818813.0
2007-06-20,189.0,190.5,187.300003,188.600006,150.9319,2048038.0
2007-06-21,188.0,192.300003,188.0,189.550003,151.692184,4626978.0
2007-06-22,190.0,193.199997,189.600006,192.350006,153.932953,5330914.0
2007-06-25,195.0,195.0,188.050003,189.199997,151.412079,1252976.0
2007-06-26,190.0,190.899994,188.0,190.25,152.25235,1779375.0
2007-06-27,192.100006,194.0,188.25,190.850006,152.732529,1808574.0
2007-06-28,192.5,192.5,187.600006,189.25,151.452087,2675076.0
2007-06-29,189.199997,192.75,185.25,188.600006,150.9319,1776059.0
2007-07-02,190.0,190.0,188.0,188.649994,150.971909,1458341.0
2007-07-03,189.899994,196.0,189.0,194.800003,155.893585,2295369.0
2007-07-04,196.0,199.5,194.649994,197.5,158.054352,2058574.0
2007-07-05,197.600006,202.899994,197.149994,199.050003,159.294785,2781576.0
2007-07-06,198.399994,202.0,198.399994,201.149994,160.975388,3487425.0
2007-07-09,201.800003,201.800003,193.5,195.699997,156.613907,2912226.0
2007-07-10,195.800003,200.100006,194.0,198.75,159.054749,2998987.0
2007-07-11,196.0,203.399994,196.0,202.5,162.055695,3143605.0
2007-07-12,203.800003,210.25,203.5,205.899994,164.776718,3443889.0
2007-07-13,205.899994,208.5,201.0,202.449997,162.015732,2550933.0
2007-07-16,203.0,204.5,197.25,198.350006,158.734604,2784933.0
2007-07-17,198.100006,200.199997,195.550003,196.850006,157.53418,4713516.0
2007-07-18,197.699997,199.75,195.350006,198.800003,159.094711,1463890.0
2007-07-19,199.0,199.75,194.649994,197.800003,158.294464,2066807.0
2007-07-20,198.0,199.899994,192.550003,194.149994,155.373428,2678230.0
2007-07-23,199.5,205.800003,198.0,204.850006,163.936401,6892251.0
2007-07-24,205.899994,205.899994,197.850006,199.75,159.854996,1938559.0
2007-07-25,202.800003,204.0,198.75,201.949997,161.615585,2531149.0
2007-07-26,204.0,208.0,198.100006,205.699997,164.616638,3151821.0
2007-07-27,205.0,205.0,194.600006,195.899994,156.773941,5105904.0
2007-07-30,205.0,212.300003,202.0,208.949997,167.217514,6297238.0
2007-07-31,211.899994,211.899994,204.550003,206.75,165.456909,2423496.0
2007-08-01,220.0,220.0,199.0,201.850006,161.535553,3485059.0
2007-08-02,203.800003,205.949997,200.149994,201.600006,161.33548,1126039.0
2007-08-03,204.0,206.0,202.25,205.399994,164.376556,1067215.0
2007-08-06,202.0,203.0,198.800003,200.100006,160.135117,1815789.0
2007-08-07,199.850006,200.699997,198.050003,200.100006,162.572418,2141604.0
2007-08-08,210.0,210.0,200.199997,203.25,165.131683,1674651.0
2007-08-09,204.699997,205.399994,200.199997,201.0,163.303665,1188491.0
2007-08-10,194.0,198.949997,192.800003,196.100006,159.322601,2587792.0
2007-08-13,196.600006,204.5,196.600006,204.050003,165.781677,1276525.0
2007-08-14,204.699997,204.699997,200.100006,200.600006,162.978653,731298.0
2007-08-16,204.0,204.0,191.5,196.350006,159.525726,5135861.0
2007-08-17,194.0,195.75,190.100006,192.5,156.397781,1912253.0
2007-08-20,196.699997,200.5,195.75,198.300003,161.110046,1597993.0
2007-08-21,199.0,199.0,192.0,193.25,157.007141,1303292.0
2007-08-22,193.0,198.199997,192.0,196.149994,159.36322,1159172.0
2007-08-23,196.0,199.800003,196.0,197.899994,160.785034,2008677.0
2007-08-24,198.0,200.75,196.600006,199.399994,162.003693,719903.0
2007-08-27,201.0,202.800003,199.600006,200.75,163.10054,1002366.0
2007-08-28,200.0,203.0,200.0,202.100006,164.197357,1103658.0
2007-08-29,198.449997,203.5,198.0,201.949997,164.0755,1390972.0
2007-08-30,201.199997,205.5,200.300003,203.199997,165.091049,3272581.0
2007-08-31,203.800003,210.399994,203.699997,208.300003,169.234604,1950710.0
2007-09-03,207.0,210.5,206.649994,209.800003,170.453293,1561295.0
2007-09-04,209.050003,211.899994,207.149994,211.0,171.428223,1047596.0
2007-09-05,211.0,214.899994,208.649994,212.350006,172.525024,2106856.0
2007-09-06,210.75,218.399994,210.0,216.350006,175.774872,2254083.0
2007-09-07,217.25,218.899994,213.350006,213.949997,173.824951,1000657.0
2007-09-10,211.149994,215.0,210.449997,213.350006,173.337494,756512.0
2007-09-11,214.5,218.449997,212.850006,217.100006,176.384186,930405.0
2007-09-12,217.100006,219.899994,215.5,217.550003,176.749817,2445980.0
2007-09-13,217.5,217.5,214.0,215.0,174.678055,1313402.0
2007-09-14,216.399994,217.050003,211.100006,212.050003,172.281326,835576.0
2007-09-17,214.0,216.899994,212.0,215.899994,175.409241,5135397.0
2007-09-18,214.800003,215.75,212.399994,214.550003,174.312439,1623725.0
2007-09-19,216.0,218.899994,215.600006,217.0,176.302963,2954126.0
2007-09-20,213.25,219.800003,213.0,214.199997,174.028091,1760987.0
2007-09-21,213.0,221.800003,213.0,219.399994,178.252823,2960931.0
2007-09-24,221.550003,224.899994,219.399994,223.5,181.583939,3566699.0
2007-09-25,223.0,228.0,218.600006,227.350006,184.711868,3176671.0
2007-09-26,228.5,229.899994,224.050003,225.449997,183.168228,2884558.0
2007-09-27,226.0,228.0,216.199997,218.899994,177.846603,9602414.0
2007-09-28,222.199997,222.199997,215.600006,220.600006,179.227814,3510232.0
2007-10-01,219.649994,226.100006,214.0,224.100006,182.071396,3471105.0
2007-10-03,222.949997,225.899994,219.350006,220.5,179.146545,4682668.0
2007-10-04,220.0,225.0,218.25,223.899994,181.90889,1927530.0
2007-10-05,222.0,224.699997,221.050003,221.899994,180.283997,2453751.0
2007-10-08,221.550003,223.399994,219.550003,220.75,179.34967,3324405.0
2007-10-09,221.0,226.0,220.5,224.300003,182.233902,2826248.0
2007-10-10,225.199997,226.699997,220.5,224.050003,182.030746,4642478.0
2007-10-11,221.800003,226.949997,221.800003,225.850006,183.493195,7660994.0
2007-10-12,224.100006,225.75,220.050003,221.25,179.75592,3121938.0
2007-10-15,221.25,221.25,217.75,219.300003,178.171616,3378000.0
2007-10-16,220.0,221.399994,211.0,212.949997,173.012482,3949233.0
2007-10-17,212.5,214.0,199.0,209.399994,170.128281,1693130.0
2007-10-18,207.0,214.199997,207.0,210.399994,170.94072,3300558.0
2007-10-19,206.350006,210.25,204.800003,205.75,167.162842,5163054.0
2007-10-22,200.300003,208.399994,195.0,207.5,168.584625,1937373.0
2007-10-23,208.100006,216.899994,208.100006,215.75,175.287384,1800024.0
2007-10-24,216.199997,218.5,212.5,215.949997,175.44989,3095428.0
2007-10-25,214.100006,225.899994,212.0,220.75,179.34967,4543630.0
2007-10-26,218.550003,220.850006,214.699997,217.800003,176.952927,10196527.0
2007-10-29,217.800003,222.5,217.5,219.600006,178.415329,3772895.0
2007-10-30,220.0,221.0,216.100006,219.449997,178.293472,1796186.0
2007-10-31,220.0,220.850006,202.050003,207.050003,168.218994,6448781.0
2007-11-01,208.0,209.100006,192.699997,193.699997,157.372726,3931331.0
2007-11-02,190.0,196.649994,190.0,195.800003,159.078934,2642332.0
2007-11-05,196.0,197.0,192.25,193.300003,157.047775,2315334.0
2007-11-06,195.5,196.399994,193.300003,195.75,159.038239,1678958.0
2007-11-07,194.850006,194.850006,191.050003,192.899994,156.722717,1695363.0
2007-11-08,190.0,196.25,190.0,195.25,158.63208,1292668.0
2007-11-12,195.0,199.850006,191.0,199.0,161.678772,1365739.0
2007-11-13,195.0,201.5,195.0,199.949997,162.450577,1291987.0
2007-11-14,200.850006,201.800003,198.899994,200.949997,163.263016,2058779.0
2007-11-15,200.300003,201.0,196.350006,199.100006,161.759964,2619091.0
2007-11-16,199.0,203.0,196.649994,201.350006,163.588013,2750295.0
2007-11-19,212.100006,212.100006,202.0,205.050003,166.594101,2368233.0
2007-11-20,207.0,208.25,202.199997,205.449997,166.919098,1843881.0
2007-11-21,204.25,207.0,200.600006,201.949997,164.0755,2359716.0
2007-11-22,200.5,202.899994,199.0,201.899994,164.034866,1706645.0
2007-11-23,202.0,207.5,200.300003,206.800003,168.01593,1096485.0
2007-11-26,207.899994,211.100006,207.149994,210.300003,170.859512,1977301.0
2007-11-27,211.0,211.399994,208.800003,210.449997,170.981369,764488.0
2007-11-28,211.550003,212.899994,208.0,209.199997,169.965759,1729445.0
2007-11-29,209.850006,213.149994,208.5,210.050003,170.656387,1859305.0
2007-11-30,210.050003,212.149994,206.050003,206.75,167.975266,1692610.0
2007-12-03,207.0,208.449997,204.550003,206.050003,167.40654,2440773.0
2007-12-04,206.899994,207.75,205.350006,206.550003,167.81279,1707081.0
2007-12-05,206.25,207.850006,205.350006,206.0,167.365952,2142666.0
2007-12-06,206.0,208.949997,206.0,207.649994,168.706512,2881367.0
2007-12-07,209.949997,212.399994,207.100006,208.600006,169.478317,1399834.0
2007-12-10,209.100006,209.100006,201.600006,205.899994,167.284683,4638523.0
2007-12-11,207.949997,211.899994,204.0,210.699997,171.184479,1592361.0
2007-12-12,206.550003,211.800003,206.550003,210.25,170.818878,1773167.0
2007-12-13,210.25,215.800003,210.0,212.0,172.240662,1523764.0
2007-12-14,212.0,220.0,211.0,218.699997,177.684143,1840154.0
2007-12-17,217.0,220.449997,214.5,218.949997,177.887238,2395807.0
2007-12-18,210.899994,222.899994,208.949997,212.25,172.443771,3282388.0
2007-12-19,212.0,217.949997,207.550003,212.5,172.646881,832784.0
2007-12-20,210.5,214.850006,210.5,212.899994,172.971863,744581.0
2007-12-24,213.0,219.0,212.149994,216.449997,175.85611,3025652.0
2007-12-26,217.350006,218.800003,213.0,215.300003,174.921829,893900.0
2007-12-27,215.300003,220.0,214.600006,216.899994,176.221695,1915269.0
2007-12-28,215.0,217.5,215.0,216.350006,175.774872,1713386.0
2007-12-31,217.5,217.850006,212.100006,213.699997,173.621841,1693557.0
2008-01-01,213.25,222.0,212.649994,218.449997,177.480988,1174904.0
2008-01-02,220.0,220.449997,212.600006,215.800003,175.327972,1660873.0
2008-01-03,215.0,225.0,214.5,222.850006,181.055847,2717376.0
2008-01-04,217.100006,235.5,217.100006,232.050003,188.530472,4465342.0
2008-01-07,228.899994,240.5,227.100006,237.199997,192.714569,3230086.0
2008-01-08,235.149994,244.0,233.0,236.600006,192.227097,2124570.0
2008-01-09,235.0,238.899994,229.5,234.0,190.1147,1195033.0
2008-01-10,234.399994,236.0,226.5,228.550003,185.686783,1342183.0
2008-01-11,229.0,230.0,218.100006,223.699997,181.746414,1141767.0
2008-01-14,222.949997,225.0,217.600006,219.050003,177.968506,763653.0
2008-01-15,221.0,222.0,216.0,216.800003,176.140457,1030023.0
2008-01-16,217.0,219.199997,213.0,214.699997,174.434265,1174696.0
2008-01-17,216.0,222.0,215.0,217.550003,176.749817,1164672.0
2008-01-18,216.0,221.899994,210.649994,213.899994,173.784317,2349974.0
2008-01-21,214.5,214.5,190.0,199.649994,162.206863,1652698.0
2008-01-22,194.899994,215.0,169.0,184.050003,149.532547,3751328.0
2008-01-23,198.0,201.899994,185.0,190.600006,154.854111,2413460.0
2008-01-24,192.0,202.800003,180.050003,186.149994,151.238693,2334318.0
2008-01-25,188.5,202.0,186.0,200.149994,162.613083,988816.0
2008-01-28,196.600006,203.399994,184.399994,199.899994,162.409927,982732.0
2008-01-29,201.0,211.5,199.0,208.850006,169.681458,1411033.0
2008-01-30,209.100006,217.0,194.050003,195.850006,159.119492,1232694.0
2008-01-31,194.050003,212.0,194.050003,208.75,169.600174,3350972.0
2008-02-01,208.0,210.800003,203.5,207.899994,168.909622,1629838.0
2008-02-04,202.149994,216.5,202.149994,213.25,173.256226,1042693.0
2008-02-05,207.0,213.199997,205.5,209.0,169.803299,753304.0
2008-02-06,201.600006,208.850006,201.0,204.149994,165.8629,1468704.0
2008-02-07,206.0,206.0,196.5,200.0,162.491196,1012553.0
2008-02-08,199.0,213.550003,195.649994,211.25,171.631332,2412299.0
2008-02-11,213.0,213.0,192.149994,194.100006,157.697723,1967393.0
2008-02-12,198.0,200.899994,192.0,193.949997,157.575836,964174.0
2008-02-13,195.100006,199.0,190.0,192.5,156.397781,2774384.0
2008-02-14,195.25,207.0,195.25,203.100006,165.009827,4141555.0
2008-02-15,203.0,212.5,199.600006,211.149994,171.550095,2148802.0
2008-02-18,213.0,218.0,207.850006,217.100006,176.384186,1994735.0
2008-02-19,220.0,224.800003,217.550003,221.449997,179.918365,2847687.0
2008-02-20,219.149994,219.800003,211.100006,214.149994,173.987427,1153338.0
2008-02-21,224.0,224.0,215.600006,220.199997,178.902802,2081163.0
2008-02-22,217.899994,220.0,213.350006,216.300003,175.734253,722104.0
2008-02-25,219.0,219.0,213.350006,215.699997,175.246735,1451417.0
2008-02-26,217.449997,221.199997,214.25,219.850006,178.618469,2184151.0
2008-02-27,221.050003,224.850006,218.350006,220.25,178.943451,1213341.0
2008-02-28,222.0,225.0,219.850006,220.949997,179.512146,2662634.0
2008-02-29,219.699997,229.25,219.0,227.5,184.833755,3059675.0
2008-03-03,223.0,237.300003,221.050003,231.850006,188.367935,6088315.0
2008-03-04,228.100006,235.0,225.149994,229.0,186.052444,3371801.0
2008-03-05,227.75,234.0,221.100006,225.699997,183.371353,2007136.0
2008-03-07,225.949997,229.899994,219.0,225.800003,183.452591,4748053.0
2008-03-10,224.0,229.0,222.350006,223.800003,181.827667,2976481.0
2008-03-11,225.0,226.949997,221.75,224.75,182.599472,2906319.0
2008-03-12,228.75,228.75,219.350006,222.25,180.568359,1755694.0
2008-03-13,219.25,224.850006,215.0,221.949997,180.324615,1778611.0
2008-03-14,222.0,227.449997,220.0,226.25,183.81813,2010015.0
2008-03-17,221.100006,228.899994,219.050003,222.800003,183.447647,2488327.0
2008-03-18,222.699997,236.550003,219.25,231.550003,190.652176,4510586.0
2008-03-19,235.100006,241.149994,224.0,225.600006,185.753098,5678406.0
2008-03-24,226.399994,236.600006,226.25,234.850006,193.369308,2605586.0
2008-03-25,237.25,247.850006,236.449997,245.050003,201.7677,3584387.0
2008-03-26,240.0,247.899994,231.350006,235.100006,193.575134,3149194.0
2008-03-27,239.75,247.949997,232.399994,244.699997,201.479507,4697315.0
2008-03-28,246.5,246.899994,236.100006,242.199997,199.421097,2962011.0
2008-03-31,238.0,244.0,225.100006,228.800003,188.387894,3988602.0
2008-04-01,232.0,240.25,228.5,238.399994,196.292282,1429064.0
2008-04-02,242.0,246.199997,235.0,235.550003,193.945663,1587718.0
2008-04-03,237.0,244.550003,235.149994,243.199997,200.244446,1230212.0
2008-04-04,243.199997,248.899994,237.600006,241.850006,199.132904,2510654.0
2008-04-07,240.899994,255.850006,240.0,253.199997,208.478195,3979336.0
2008-04-08,254.300003,254.300003,244.25,248.850006,204.896561,2205559.0
2008-04-09,248.800003,248.800003,239.350006,244.800003,201.561874,1426254.0
2008-04-10,241.0,246.0,238.899994,240.199997,197.774338,1811377.0
2008-04-11,240.100006,243.100006,235.0,235.5,193.90451,2234389.0
2008-04-15,235.5,248.0,233.149994,245.899994,202.46756,2460769.0
2008-04-16,246.5,247.550003,240.149994,241.0,198.433029,1315071.0
2008-04-17,242.0,244.0,231.0,231.899994,190.940369,1745170.0
2008-04-21,231.0,237.899994,231.0,236.050003,194.35733,1566919.0
2008-04-22,231.25,240.5,231.25,239.199997,196.950974,1176797.0
2008-04-23,239.949997,247.0,236.149994,243.949997,200.861969,1744887.0
2008-04-24,243.949997,252.0,240.0,249.0,205.020065,5347556.0
2008-04-25,247.75,252.0,241.100006,250.300003,206.090408,1547099.0
2008-04-28,251.149994,254.899994,246.199997,247.25,203.579132,775142.0
2008-04-29,248.100006,254.399994,243.100006,251.800003,207.325455,2450959.0
2008-04-30,254.350006,254.350006,247.5,250.25,206.04924,2105273.0
2008-05-02,251.0,252.0,248.75,250.449997,206.213928,1034154.0
2008-05-05,250.949997,250.949997,247.050003,248.199997,204.361343,1084685.0
2008-05-06,248.100006,254.0,246.399994,248.550003,204.649536,3654731.0
2008-05-07,248.0,254.699997,246.300003,252.0,207.490158,1388223.0
2008-05-08,250.899994,253.899994,248.550003,250.800003,206.502106,1151389.0
2008-05-09,248.100006,253.25,247.600006,251.949997,207.448975,1175617.0
2008-05-12,250.0,252.300003,246.149994,247.050003,203.414459,1690328.0
2008-05-13,248.0,249.399994,244.699997,246.050003,202.59108,2443714.0
2008-05-14,247.5,247.5,240.449997,242.899994,199.997437,1553093.0
2008-05-15,242.899994,245.699997,235.75,237.75,195.757065,2459009.0
2008-05-16,241.199997,244.899994,238.699997,243.949997,200.861969,1678610.0
2008-05-20,242.699997,244.0,241.0,241.350006,198.721237,1993299.0
2008-05-21,241.0,241.899994,234.050003,235.699997,194.069138,6304106.0
2008-05-22,235.0,236.699997,231.5,234.699997,193.245773,1571106.0
2008-05-23,234.399994,237.0,233.149994,235.199997,193.657471,551947.0
2008-05-26,235.0,239.800003,228.899994,231.25,190.405121,1528296.0
2008-05-27,231.899994,233.399994,225.5,232.350006,191.310867,2309354.0
2008-05-28,233.0,241.600006,231.149994,238.350006,196.251129,3641074.0
2008-05-29,239.0,241.949997,233.350006,236.850006,195.016052,5693523.0
2008-05-30,238.949997,241.0,235.350006,237.100006,195.221893,2478165.0
2008-06-02,238.0,238.0,231.5,234.949997,193.45166,3358733.0
2008-06-03,234.5,236.5,230.100006,235.300003,193.739822,1570167.0
2008-06-04,234.75,234.850006,229.75,230.300003,189.62294,1349187.0
2008-06-05,231.899994,239.449997,228.0,237.850006,195.839432,2425687.0
2008-06-06,239.899994,240.0,234.100006,237.25,195.345398,1468635.0
2008-06-09,233.0,236.199997,229.5,231.75,190.816849,1821838.0
2008-06-10,230.5,234.899994,227.5,234.350006,192.957626,1290752.0
2008-06-11,234.899994,234.899994,229.600006,233.0,191.846054,1853153.0
2008-06-12,230.399994,233.699997,228.25,232.100006,191.105026,2417443.0
2008-06-13,232.199997,232.199997,225.0,226.75,186.700012,2797782.0
2008-06-16,228.199997,231.800003,227.0,231.149994,190.32283,2410725.0
2008-06-17,232.899994,237.899994,230.350006,236.350006,194.604355,899979.0
2008-06-18,237.0,237.100006,231.550003,234.199997,192.834106,1202728.0
2008-06-19,231.350006,233.5,229.550003,231.899994,190.940369,455680.0
2008-06-20,231.050003,233.399994,225.0,225.75,185.876602,479832.0
2008-06-23,223.0,228.5,221.0,227.050003,186.946991,632741.0
2008-06-24,219.25,228.899994,207.5,214.850006,176.90184,3148554.0
2008-06-25,211.0,221.850006,205.0,216.100006,177.93103,2553922.0
2008-06-26,216.5,217.899994,208.699997,212.899994,175.296219,4080060.0
2008-06-27,208.0,210.850006,204.350006,208.550003,171.714523,2566406.0
2008-06-30,208.0,211.0,198.649994,207.149994,170.561844,1754242.0
2008-07-01,207.550003,208.899994,196.100006,197.649994,162.739792,1369234.0
2008-07-02,198.100006,202.0,194.199997,200.199997,164.839401,3641426.0
2008-07-03,200.0,200.0,190.649994,196.350006,161.669434,2255283.0
2008-07-04,199.800003,202.699997,194.25,201.5,165.909805,881797.0
2008-07-07,201.800003,211.399994,201.800003,209.75,172.702637,1323803.0
2008-07-08,209.0,212.399994,201.100006,209.850006,172.784927,1743800.0
2008-07-09,210.0,218.399994,210.0,216.449997,178.219208,1968823.0
2008-07-10,216.850006,219.949997,214.0,218.5,179.907181,1879845.0
2008-07-11,217.0,220.699997,209.449997,214.100006,176.284317,1865906.0
2008-07-14,214.699997,223.199997,213.0,220.100006,181.224548,2364523.0
2008-07-15,217.0,217.399994,209.0,211.699997,174.308212,2289259.0
2008-07-16,212.5,217.5,208.0,215.149994,177.148819,2582793.0
2008-07-17,218.0,221.800003,216.600006,219.75,180.936371,2981458.0
2008-07-18,218.199997,221.899994,217.100006,219.800003,180.977554,2658890.0
2008-07-21,210.100006,228.75,200.0,228.0,187.729202,2133580.0
2008-07-22,229.300003,235.800003,226.149994,232.699997,191.599045,2688944.0
2008-07-23,235.0,242.0,227.199997,230.850006,190.075806,6700195.0
2008-07-24,231.0,232.899994,223.649994,227.699997,187.482178,3958996.0
2008-07-25,223.850006,234.5,221.649994,233.199997,192.010727,4075459.0
2008-07-28,234.5,238.0,229.600006,230.850006,190.075806,4369198.0
2008-07-29,228.0,239.0,227.050003,237.800003,195.798218,1676336.0
2008-07-30,240.550003,240.550003,234.0,238.649994,196.498123,4554134.0
2008-07-31,237.600006,241.399994,236.100006,239.649994,197.321487,5954985.0
2008-08-01,238.0,240.0,232.550003,234.949997,193.45166,4425574.0
2008-08-04,233.850006,235.300003,230.100006,234.149994,195.708374,1943391.0
2008-08-05,232.0,241.899994,232.0,239.949997,200.556152,3452027.0
2008-08-06,242.149994,250.949997,242.050003,245.699997,205.362152,5798819.0
2008-08-07,244.25,247.850006,240.0,242.25,202.478531,3011098.0
2008-08-08,244.600006,245.0,239.5,242.0,202.269592,1248413.0
2008-08-11,244.850006,246.800003,238.699997,241.949997,202.227844,3572133.0
2008-08-12,244.25,246.0,242.5,242.949997,203.063614,2304259.0
2008-08-13,239.0,244.850006,239.0,243.699997,203.690506,2148474.0
2008-08-14,243.199997,243.199997,238.100006,239.649994,200.30542,705109.0
2008-08-18,239.5,245.0,236.550003,241.5,201.8517,1096643.0
2008-08-19,241.0,244.699997,238.600006,243.399994,203.439728,1546046.0
2008-08-20,244.0,245.0,242.199997,243.100006,203.188995,931930.0
2008-08-21,243.100006,243.100006,235.0,235.800003,197.087494,1008674.0
2008-08-22,234.149994,245.5,233.100006,244.899994,204.693481,2315458.0
2008-08-25,245.0,246.949997,240.149994,243.399994,203.439728,2646145.0
2008-08-26,241.699997,249.0,241.5,247.350006,206.741257,2449494.0
2008-08-27,248.0,248.449997,245.0,246.5,206.030823,1395650.0
2008-08-28,246.949997,247.399994,237.199997,239.5,200.180038,2576546.0
2008-08-29,241.0,247.699997,241.0,245.399994,205.111404,2087379.0
2008-09-01,245.399994,245.850006,238.600006,241.949997,202.227844,1309666.0
2008-09-02,242.399994,248.399994,242.0,247.0,206.4487,3162708.0
2008-09-04,247.199997,248.0,239.399994,240.649994,201.141266,5085106.0
2008-09-05,240.649994,245.800003,237.350006,245.100006,204.860626,1441378.0
2008-09-08,249.0,254.899994,247.149994,252.949997,211.42186,2774207.0
2008-09-09,253.0,253.949997,249.050003,251.5,210.20993,982718.0
2008-09-10,250.050003,253.949997,248.0,250.649994,209.499481,2324297.0
2008-09-11,252.0,252.0,243.5,246.850006,206.323318,1966004.0
2008-09-12,247.399994,250.0,244.199997,248.800003,207.953262,4362017.0
2008-09-15,245.800003,246.850006,233.100006,243.050003,203.147217,3141998.0
2008-09-16,240.5,243.0,237.5,240.5,201.015823,2859771.0
2008-09-17,240.5,242.0,235.0,238.149994,199.051666,2624939.0
2008-09-18,221.149994,244.399994,221.149994,240.699997,201.183014,3390475.0
2008-09-19,242.0,247.850006,242.0,245.199997,204.944214,3217153.0
2008-09-22,246.0,250.100006,244.0,249.699997,208.70546,2299313.0
2008-09-23,248.0,250.0,245.5,247.149994,206.574097,2410720.0
2008-09-24,247.0,250.5,246.350006,249.699997,208.70546,2477086.0
2008-09-25,247.800003,252.100006,247.199997,249.149994,208.245712,6813357.0
2008-09-26,248.899994,255.5,248.0,252.5,211.045761,6608807.0
2008-09-29,252.5,265.5,249.100006,254.649994,212.842773,7205805.0
2008-09-30,250.0,254.949997,247.699997,252.25,210.836807,7316002.0
2008-10-01,255.0,259.75,251.0,254.350006,212.592041,3950809.0
2008-10-03,252.199997,259.75,249.5,256.700012,214.556259,3836502.0
2008-10-06,255.0,258.950012,247.600006,249.550003,208.580093,3810948.0
2008-10-07,251.0,254.899994,241.800003,249.300003,208.371109,4940607.0
2008-10-08,250.25,250.25,232.800003,238.149994,199.051666,6977076.0
2008-10-10,239.5,239.5,217.5,221.850006,185.427734,11154702.0
2008-10-13,222.0,236.75,216.5,231.0,193.075531,6512211.0
2008-10-14,239.0,243.649994,233.350006,238.800003,199.59494,4859395.0
2008-10-15,239.949997,240.899994,228.75,231.350006,193.368057,5185186.0
2008-10-16,225.0,251.100006,223.050003,247.550003,206.908417,10403430.0
2008-10-17,247.5,250.649994,239.050003,241.550003,201.893494,3883445.0
2008-10-20,241.5,251.0,237.300003,239.300003,200.012863,4062920.0
2008-10-21,241.0,254.899994,239.5,250.300003,209.206909,11428728.0
2008-10-22,251.0,256.700012,247.5,252.0,210.627823,5239908.0
2008-10-23,246.0,252.75,240.0,241.75,202.060669,5683624.0
2008-10-24,245.800003,247.5,220.550003,226.449997,189.272507,7727325.0
2008-10-27,223.0,226.0,185.100006,211.649994,176.902313,11233021.0
2008-10-29,210.0,224.899994,200.699997,207.399994,173.350037,13499184.0
2008-10-31,206.800003,227.0,206.800003,221.75,185.344147,7595819.0
2008-11-03,225.399994,241.5,225.100006,237.350006,198.382996,3159183.0
2008-11-04,240.0,249.0,237.0,247.25,206.657684,3528481.0
2008-11-05,250.0,251.649994,233.550003,238.850006,199.636765,5994909.0
2008-11-06,230.149994,248.350006,230.149994,244.949997,204.735229,4246187.0
2008-11-07,240.0,252.5,240.0,249.699997,208.70546,3319447.0
2008-11-10,251.75,254.0,249.5,251.5,210.20993,2836170.0
2008-11-11,250.0,255.949997,243.5,246.899994,206.365143,2508046.0
2008-11-12,246.5,248.5,230.600006,234.550003,196.042709,3491172.0
2008-11-14,234.550003,237.600006,230.649994,234.649994,196.126282,4264258.0
2008-11-17,235.0,236.399994,230.0,235.550003,196.87851,5952608.0
2008-11-18,235.399994,236.0,231.149994,235.100006,196.502411,3050261.0
2008-11-19,235.899994,237.5,231.149994,234.25,195.791946,4216229.0
2008-11-20,232.5,235.949997,226.600006,234.5,196.000916,3688184.0
2008-11-21,225.100006,236.0,225.100006,235.050003,196.460617,4136062.0
2008-11-24,235.050003,236.0,234.100006,236.0,197.254623,8311058.0
2008-11-25,237.050003,237.399994,234.0,236.25,197.463593,2739650.0
2008-11-26,236.25,239.449997,233.5,236.600006,197.756104,6777036.0
2008-11-27,236.0,236.0,236.0,236.0,197.254623,0.0
2008-11-28,236.0,238.0,233.149994,236.399994,197.588959,5304522.0
2008-12-01,236.5,243.0,230.0,232.5,194.329269,3185960.0
2008-12-02,240.0,240.0,229.199997,233.149994,194.872543,4340447.0
2008-12-03,235.850006,235.850006,229.050003,232.149994,194.036713,3628057.0
2008-12-04,239.75,239.75,230.100006,236.5,197.672546,2068631.0
2008-12-05,236.5,237.0,230.899994,234.75,196.209885,2478090.0
2008-12-08,239.449997,245.0,238.0,240.399994,200.932266,5254057.0
2008-12-10,242.0,245.850006,236.800003,244.699997,204.526337,4117902.0
2008-12-11,242.699997,245.0,238.25,241.600006,201.935272,3313596.0
2008-12-12,241.0,241.850006,236.149994,240.399994,200.932266,3525884.0
2008-12-15,240.0,245.5,237.699997,243.949997,203.899399,2365099.0
2008-12-16,244.25,249.800003,243.0,248.300003,207.535278,2670027.0
2008-12-17,246.800003,255.850006,246.199997,252.0,210.627823,5331542.0
2008-12-18,252.0,257.5,250.649994,255.5,213.553223,3480876.0
2008-12-19,256.0,267.799988,254.199997,265.649994,222.036819,3802328.0
2008-12-22,256.600006,267.0,256.600006,262.299988,219.236832,1798195.0
2008-12-23,262.299988,263.899994,256.0,257.75,215.433823,1602714.0
2008-12-24,257.049988,259.450012,255.199997,257.450012,215.183121,2858195.0
2008-12-26,255.550003,258.5,251.100006,252.100006,210.711411,832138.0
2008-12-29,252.600006,254.449997,247.850006,252.850006,211.338303,1719193.0
2008-12-30,253.550003,256.0,249.600006,252.300003,210.878616,1397119.0
2008-12-31,251.199997,253.5,248.699997,250.300003,209.206909,1520750.0
2009-01-02,251.0,252.75,246.550003,247.5,206.866669,2010221.0
2009-01-05,248.0,249.649994,238.5,243.0,203.105392,4583358.0
2009-01-06,244.0,248.600006,241.0,246.899994,206.365143,2435869.0
2009-01-07,250.0,253.0,240.699997,251.149994,209.917374,2727668.0
2009-01-09,250.5,270.0,247.0,263.399994,220.156235,4872202.0
2009-01-12,262.600006,267.75,257.0,263.850006,220.532379,4887877.0
2009-01-13,261.5,263.850006,254.0,254.550003,212.759186,4562118.0
2009-01-14,255.5,257.0,252.600006,254.0,212.2995,1936251.0
2009-01-15,252.199997,252.199997,244.149994,247.0,206.4487,1959175.0
2009-01-16,246.350006,252.5,246.350006,250.800003,209.624832,1048081.0
2009-01-19,245.800003,254.949997,245.800003,254.199997,212.466644,1408926.0
2009-01-20,247.25,253.5,245.100006,246.050003,205.654678,2851991.0
2009-01-21,240.0,257.850006,240.0,255.100006,213.218933,2870346.0
2009-01-22,254.899994,257.5,251.100006,253.25,211.672638,2602861.0
2009-01-23,254.0,254.0,244.699997,246.800003,206.281555,2678647.0
2009-01-27,248.0,257.5,243.5,253.350006,211.756195,3879693.0
2009-01-28,254.0,260.5,253.0,259.049988,216.520386,2285524.0
2009-01-29,259.950012,262.350006,254.5,257.049988,214.84874,4729499.0
2009-01-30,256.25,263.0,254.0,261.649994,218.693542,1696094.0
2009-02-02,259.0,263.700012,255.25,261.899994,218.902527,3244570.0
2009-02-03,260.049988,268.5,259.0,266.100006,222.41301,3656406.0
2009-02-04,266.549988,268.5,263.700012,267.899994,223.917435,2994622.0
2009-02-05,260.0,271.899994,260.0,263.399994,220.156235,3604333.0
2009-02-06,268.0,269.850006,260.0,260.600006,217.815964,3827622.0
2009-02-09,260.0,263.299988,258.350006,260.149994,217.439835,4805572.0
2009-02-10,260.5,261.950012,255.350006,258.950012,216.436859,2126933.0
2009-02-11,258.5,260.0,255.550003,259.200012,216.645813,1891415.0
2009-02-12,259.0,260.0,256.549988,258.700012,216.227859,953167.0
2009-02-13,260.399994,261.450012,258.200012,259.25,216.687515,1128899.0
2009-02-16,252.25,260.0,252.25,256.25,214.18013,923665.0
2009-02-17,255.75,255.75,251.100006,252.449997,211.003967,1654507.0
2009-02-18,251.949997,254.699997,245.699997,253.449997,211.839813,3541286.0
2009-02-19,253.449997,254.5,247.100006,249.300003,208.371109,3540202.0
2009-02-20,249.0,251.25,245.899994,249.25,208.32933,1109630.0
2009-02-24,249.25,254.100006,247.449997,252.899994,211.380051,1711851.0
2009-02-25,253.100006,254.5,250.350006,251.550003,210.251709,1330960.0
2009-02-26,251.0,255.850006,248.600006,253.699997,212.048752,3968018.0
2009-02-27,255.0,255.0,248.350006,253.5,211.881546,3441212.0
2009-03-02,248.100006,253.100006,243.600006,244.800003,204.609909,3874520.0
2009-03-03,243.0,245.899994,240.25,241.649994,201.977051,2503407.0
2009-03-04,242.25,244.949997,239.5,240.850006,201.308426,2114028.0
2009-03-05,242.25,242.5,217.0,230.149994,192.365067,8560577.0
2009-03-06,230.0,230.149994,220.75,223.949997,187.182983,5538425.0
2009-03-09,222.0,225.0,210.850006,216.25,180.747086,8065466.0
2009-03-12,217.850006,231.449997,217.850006,225.649994,188.603836,6891643.0
2009-03-13,227.0,230.949997,225.699997,229.399994,191.73819,5458537.0
2009-03-16,230.0,238.0,229.25,235.449997,196.794968,1595826.0
2009-03-17,235.0,239.699997,229.550003,233.399994,195.081482,2732506.0
2009-03-18,234.0,236.0,230.5,232.300003,194.162094,1667937.0
2009-03-19,232.899994,232.899994,225.5,230.300003,192.490463,3002859.0
2009-03-20,229.0,234.050003,227.699997,233.300003,194.997955,1540505.0
2009-03-23,233.050003,240.0,233.050003,238.600006,199.42778,1545778.0
2009-03-24,240.0,240.5,235.100006,239.25,199.971085,4959565.0
2009-03-25,235.0,241.75,233.449997,234.649994,196.126282,3763047.0
2009-03-26,235.25,241.0,235.050003,239.75,200.388977,4155555.0
2009-03-27,239.949997,240.5,235.600006,240.0,200.597961,4362155.0
2009-03-30,238.0,244.850006,237.0,239.75,200.388977,2576617.0
2009-03-31,235.25,241.399994,235.25,237.5,198.508377,5324502.0
2009-04-01,235.0,240.850006,228.350006,236.449997,197.630737,8073338.0
2009-04-02,235.100006,242.699997,230.100006,231.0,193.075531,6272514.0
2009-04-06,230.949997,235.0,224.75,227.399994,190.066574,12114483.0
2009-04-08,227.699997,243.75,224.0,241.300003,201.68454,8051460.0
2009-04-09,242.899994,242.899994,230.850006,233.0,194.747192,5915343.0
2009-04-13,234.300003,235.949997,226.600006,230.0,192.239685,4589893.0
2009-04-15,230.0,236.899994,229.300003,235.449997,196.794968,6005935.0
2009-04-16,235.449997,241.0,234.0,239.149994,199.887497,7874188.0
2009-04-17,241.0,242.100006,236.350006,239.100006,199.845688,2437839.0
2009-04-20,240.0,240.149994,234.600006,238.0,198.9263,4070911.0
2009-04-21,237.649994,244.899994,236.149994,242.899994,203.02182,4586448.0
2009-04-22,243.100006,244.800003,238.600006,240.600006,201.099457,3774437.0
2009-04-23,240.600006,245.449997,239.75,240.25,200.806915,3219224.0
2009-04-24,241.0,241.5,237.350006,238.300003,199.177032,1638666.0
2009-04-27,239.0,239.0,230.199997,230.800003,192.908386,4466849.0
2009-04-28,230.550003,232.0,224.649994,225.300003,188.311295,4412540.0
2009-04-29,226.0,236.0,222.25,234.75,196.209885,7189615.0
2009-04-30,235.300003,235.300003,235.300003,235.300003,196.669556,0.0
2009-05-04,235.300003,242.0,233.100006,239.899994,200.514343,4896016.0
2009-05-05,240.0,241.5,235.5,238.350006,199.218842,2813418.0
2009-05-06,239.899994,240.850006,232.199997,234.600006,196.084518,5167053.0
2009-05-07,234.5,238.0,229.350006,230.649994,192.78299,5075534.0
2009-05-08,230.75,234.149994,230.0,233.050003,194.788971,5443176.0
2009-05-11,235.25,236.5,226.0,227.149994,189.85762,7025750.0
2009-05-12,227.600006,227.850006,221.800003,225.100006,188.14418,8210288.0
2009-05-13,225.100006,227.199997,221.100006,221.949997,185.511322,3149690.0
2009-05-14,222.0,225.649994,218.100006,224.850006,187.935196,7493434.0
2009-05-15,226.0,227.399994,223.649994,224.300003,187.47551,2449088.0
2009-05-18,244.949997,264.399994,228.0,239.600006,200.263611,51515.0
2009-05-19,245.0,251.0,224.0,229.5,191.821793,13669545.0
2009-05-20,234.899994,235.850006,225.0,233.449997,195.123276,10140045.0
2009-05-21,233.199997,235.0,226.550003,230.399994,192.574036,2715676.0
2009-05-22,231.0,234.300003,228.100006,232.0,193.911362,2391122.0
2009-05-25,231.0,235.5,229.899994,233.050003,194.788971,3418801.0
2009-05-26,238.699997,238.699997,229.5,231.0,193.075531,3475193.0
2009-05-27,233.300003,233.300003,228.100006,230.149994,192.365067,3314721.0
2009-05-28,232.0,233.5,228.5,231.0,193.075531,5375654.0
2009-05-29,232.0,233.899994,229.550003,230.800003,192.908386,4633440.0
2009-06-01,228.550003,233.449997,228.550003,232.649994,194.454636,2701891.0
2009-06-02,233.100006,235.149994,232.550003,233.75,195.374054,3417724.0
2009-06-03,235.0,241.0,233.449997,239.699997,200.347198,4986667.0
2009-06-04,236.5,251.0,236.5,249.5,208.538284,4636344.0
2009-06-05,250.25,257.700012,246.199997,252.0,210.627823,4499129.0
2009-06-08,252.0,253.5,245.350006,252.25,210.836807,2847980.0
2009-06-09,252.0,259.0,248.25,256.75,214.598022,2932775.0
2009-06-10,257.0,269.899994,256.0,264.350006,220.950302,6277803.0
2009-06-11,264.0,264.899994,258.5,259.950012,217.272675,3587460.0
2009-06-12,257.0,258.5,252.0,255.75,217.102875,4793781.0
2009-06-15,257.899994,262.850006,252.149994,259.149994,219.98912,4900720.0
2009-06-16,258.0,265.75,257.700012,263.450012,223.639328,2197923.0
2009-06-17,267.0,267.0,256.399994,261.600006,222.068878,2993196.0
2009-06-18,261.25,265.5,257.600006,259.75,220.498428,2837816.0
2009-06-19,260.5,263.0,259.049988,260.75,221.34729,1906831.0
2009-06-22,260.549988,263.5,252.399994,259.25,220.073959,5785095.0
2009-06-23,259.25,262.0,255.699997,260.049988,220.753098,3885451.0
2009-06-24,261.0,264.350006,258.0,262.950012,223.214859,2005337.0
2009-06-25,262.049988,265.399994,257.0,258.950012,219.819336,6800388.0
2009-06-26,259.649994,268.0,257.600006,266.049988,225.84642,3310926.0
2009-06-29,266.0,269.700012,262.25,266.600006,226.313293,2878839.0
2009-06-30,265.0,271.450012,264.649994,267.5,227.077332,4224981.0
2009-07-01,266.149994,275.950012,266.149994,272.850006,231.618866,2619634.0
2009-07-02,273.049988,274.100006,266.899994,270.100006,229.284439,3758731.0
2009-07-03,271.899994,274.450012,267.5,273.149994,231.873535,1558254.0
2009-07-06,273.5,282.799988,268.100006,274.899994,233.359055,5256813.0
2009-07-07,277.0,292.5,272.149994,273.450012,232.12822,6110518.0
2009-07-08,273.0,276.450012,268.200012,270.299988,229.454132,2902425.0
2009-07-09,268.799988,274.600006,265.049988,265.75,225.591736,1763876.0
2009-07-10,266.299988,273.200012,265.200012,267.350006,226.949982,2939047.0
2009-07-13,266.5,266.5,260.299988,263.850006,223.978867,1540168.0
2009-07-14,266.0,270.5,261.549988,269.450012,228.732635,1580902.0
2009-07-15,269.549988,273.0,263.799988,270.549988,229.666412,1974476.0
2009-07-16,269.850006,273.5,265.149994,266.200012,225.97374,1723654.0
2009-07-17,268.450012,269.350006,264.649994,266.75,226.440674,3497017.0
2009-07-20,267.299988,269.899994,264.100006,267.0,226.652863,2716435.0
2009-07-21,266.799988,270.700012,266.0,269.700012,228.94487,2222929.0
2009-07-22,271.100006,273.799988,267.649994,269.299988,228.605331,3009609.0
2009-07-23,269.5,279.0,268.350006,276.75,234.92952,6467801.0
2009-07-24,278.5,288.649994,273.399994,282.649994,239.937943,2590422.0
2009-07-27,284.0,306.700012,284.0,299.649994,254.369095,11347035.0
2009-07-28,302.0,305.950012,273.25,276.649994,234.84462,14579109.0
2009-07-29,278.0,283.649994,266.0,268.350006,227.798874,8478647.0
2009-07-30,270.0,284.899994,267.649994,281.399994,238.876846,5850221.0
2009-07-31,283.0,296.0,281.149994,291.5,247.450607,5347424.0
2009-08-03,291.0,292.700012,282.600006,285.100006,242.017685,1528499.0
2009-08-04,285.299988,298.899994,280.149994,294.0,249.5728,4742844.0
2009-08-05,298.0,298.0,286.450012,290.399994,246.51683,2634234.0
2009-08-06,289.0,290.850006,276.149994,278.649994,236.542389,2319807.0
2009-08-07,276.899994,279.0,268.399994,269.600006,228.859955,3817872.0
2009-08-10,272.0,274.0,254.600006,260.649994,221.262451,6221422.0
2009-08-11,260.200012,267.0,258.549988,263.149994,223.384674,7151818.0
2009-08-12,263.0,266.100006,250.649994,256.75,217.951767,5658935.0
2009-08-13,259.850006,265.0,258.100006,263.399994,223.596786,4594873.0
2009-08-14,264.899994,265.0,254.149994,256.899994,218.079102,6193766.0
2009-08-17,256.899994,256.899994,246.600006,248.399994,210.863541,4322659.0
2009-08-18,247.600006,259.850006,247.149994,258.600006,219.522202,2626805.0
2009-08-19,259.0,261.0,252.199997,256.899994,218.079102,3407931.0
2009-08-20,259.950012,262.950012,255.0,256.600006,217.824448,2060145.0
2009-08-21,256.5,261.950012,253.25,260.75,221.34729,2187280.0
2009-08-24,262.0,269.899994,261.25,268.950012,228.308167,2477915.0
2009-08-25,267.649994,272.700012,266.5,269.5,228.77507,2085392.0
2009-08-26,271.0,271.0,262.350006,263.100006,223.342209,4000751.0
2009-08-27,261.0,264.399994,255.199997,256.399994,217.654648,4622241.0
2009-08-28,257.5,261.75,255.649994,260.350006,221.007782,3963297.0
2009-08-31,259.950012,263.0,255.800003,259.950012,220.668228,3519029.0
2009-09-01,260.0,264.950012,258.700012,262.450012,222.790405,2749928.0
2009-09-02,261.0,269.850006,259.899994,267.149994,226.780182,2345220.0
2009-09-03,269.0,271.850006,265.149994,267.649994,227.20462,1951781.0
2009-09-04,267.0,277.149994,264.799988,273.049988,231.78862,2634615.0
2009-09-07,274.149994,277.700012,269.649994,274.0,232.595078,3119164.0
2009-09-08,275.450012,275.450012,265.299988,266.25,226.016174,1924271.0
2009-09-09,266.299988,267.600006,263.600006,265.450012,225.337082,3479951.0
2009-09-10,267.899994,267.899994,261.200012,262.100006,222.493317,2613070.0
2009-09-11,263.0,264.350006,253.699997,256.100006,217.399994,4918021.0
2009-09-14,256.450012,261.5,255.149994,259.899994,220.625748,2691619.0
2009-09-15,260.600006,261.350006,257.649994,259.600006,220.371094,1667758.0
2009-09-16,261.0,263.399994,256.0,257.0,218.163986,2503092.0
2009-09-17,259.0,262.399994,258.100006,261.200012,221.72934,2673886.0
2009-09-18,261.5,263.700012,260.25,261.649994,222.111313,2571370.0
2009-09-22,261.549988,266.350006,259.299988,264.649994,224.657974,3900410.0
2009-09-23,264.649994,265.649994,256.350006,258.450012,219.394897,3346598.0
2009-09-24,258.0,262.850006,255.399994,259.950012,220.668228,11622897.0
2009-09-25,259.5,261.899994,257.5,259.5,220.286194,3707514.0
2009-09-29,259.200012,265.700012,256.200012,263.25,223.469482,6203639.0
2009-09-30,265.0,266.0,261.0,262.600006,222.917801,4379270.0
2009-10-01,262.0,266.75,260.350006,265.399994,225.294647,2696842.0
2009-10-05,265.299988,269.0,262.649994,267.049988,226.695282,2943124.0
2009-10-06,268.0,285.0,267.0,281.75,239.173981,6197793.0
2009-10-07,280.0,284.0,275.350006,280.200012,237.858215,2269323.0
2009-10-08,280.200012,292.0,280.200012,287.450012,244.01265,3769954.0
2009-10-09,285.0,289.5,283.799988,286.899994,243.545715,2215360.0
2009-10-12,285.0,292.0,282.25,290.600006,246.686584,1775264.0
2009-10-13,289.350006,289.350006,289.350006,289.350006,245.625504,0.0
2009-10-14,291.0,295.799988,291.0,293.850006,249.445511,1714606.0
2009-10-15,295.899994,295.899994,285.799988,289.200012,245.498138,1095270.0
2009-10-16,289.25,291.200012,284.299988,286.549988,243.248642,811712.0
2009-10-20,286.149994,292.100006,278.899994,280.25,237.900604,3292107.0
2009-10-21,282.0,282.0,272.649994,273.649994,232.297943,1263718.0
2009-10-22,272.0,280.0,270.0,278.299988,236.245285,1364468.0
2009-10-23,282.25,283.850006,279.549988,280.649994,238.240158,2298182.0
2009-10-26,282.0,283.5,276.5,277.850006,235.863251,1616035.0
2009-10-27,276.5,283.200012,274.299988,280.399994,238.027893,3581524.0
2009-10-28,281.0,283.0,277.200012,279.799988,237.518585,1950506.0
2009-10-29,277.600006,285.5,277.350006,283.100006,240.319916,3969670.0
2009-10-30,285.049988,287.649994,279.149994,283.5,240.65947,2476579.0
2009-11-03,280.25,281.700012,268.549988,273.100006,231.83107,4102423.0
2009-11-04,273.850006,279.5,268.549988,277.950012,235.948181,3077273.0
2009-11-05,275.600006,280.350006,270.049988,279.700012,237.433777,1847655.0
2009-11-06,279.950012,279.950012,271.600006,272.600006,233.915543,1374480.0
2009-11-09,273.25,274.5,268.549988,271.399994,232.885803,3278866.0
2009-11-10,272.200012,275.0,262.5,263.850006,226.407272,3566472.0
2009-11-11,266.899994,268.0,263.799988,265.75,228.037643,3476292.0
2009-11-12,267.100006,268.899994,262.799988,264.399994,226.879211,2344698.0
2009-11-13,265.0,270.75,265.0,269.799988,231.512894,2203590.0
2009-11-16,271.450012,275.799988,270.0,274.299988,235.374252,2641973.0
2009-11-17,274.600006,277.899994,272.350006,276.600006,237.347992,1651400.0
2009-11-18,277.0,278.0,274.450012,276.75,237.476608,1597721.0
2009-11-19,275.5,278.0,272.600006,275.5,236.404022,770124.0
2009-11-20,276.5,280.5,275.0,276.600006,237.347992,1201108.0
2009-11-23,278.649994,281.950012,275.899994,280.850006,240.994827,1359984.0
2009-11-24,280.850006,282.75,278.399994,279.899994,240.179626,1242996.0
2009-11-25,278.0,285.549988,278.0,284.25,243.912308,2294467.0
2009-11-26,284.5,288.850006,283.049988,286.700012,246.014618,4044547.0
2009-11-27,282.350006,289.799988,279.0,284.299988,243.95517,1785500.0
2009-11-30,286.0,286.399994,282.5,285.200012,244.727539,1335604.0
2009-12-01,286.0,286.5,277.700012,278.649994,239.106964,4084853.0
2009-12-02,280.0,280.0,274.0,274.799988,235.803329,2713850.0
2009-12-03,275.0,278.0,270.149994,270.649994,232.242279,2233330.0
2009-12-04,270.799988,275.200012,268.75,271.950012,233.357788,1373426.0
2009-12-07,273.299988,273.850006,270.149994,271.75,233.186172,1009339.0
2009-12-08,271.0,277.450012,270.049988,277.0,237.691132,1140805.0
2009-12-09,276.5,277.950012,274.100006,276.700012,237.433777,1229066.0
2009-12-10,277.0,277.0,272.450012,273.049988,234.301697,1935702.0
2009-12-11,274.75,274.75,271.200012,272.950012,234.215912,2436101.0
2009-12-14,273.899994,274.0,266.299988,267.549988,229.582184,2033309.0
2009-12-15,268.75,270.899994,263.350006,266.350006,228.55249,3283267.0
2009-12-16,267.100006,267.799988,262.0,263.799988,226.364365,4742165.0
2009-12-17,263.5,269.75,263.100006,268.799988,230.654785,1724512.0
2009-12-18,268.0,269.0,262.649994,263.350006,225.97821,1331848.0
2009-12-21,263.100006,264.75,261.25,262.100006,224.905624,2421681.0
2009-12-22,263.75,263.75,260.649994,261.299988,224.219116,3167505.0
2009-12-23,261.850006,265.5,259.649994,264.299988,226.793427,3414514.0
2009-12-24,269.799988,269.799988,263.0,265.649994,227.951813,1532929.0
2009-12-29,265.5,269.75,264.0,265.0,227.394089,1908639.0
2009-12-30,266.950012,267.899994,263.600006,266.100006,228.337982,966871.0
2009-12-31,267.5,269.0,264.149994,264.799988,227.222427,1580864.0
2010-01-04,264.850006,266.200012,264.100006,264.700012,227.136673,668858.0
2010-01-05,265.75,266.399994,262.5,263.850006,226.407272,1392726.0
2010-01-06,264.75,266.0,262.600006,265.350006,227.694412,1682107.0
2010-01-07,265.100006,267.25,264.149994,264.799988,227.222427,2723548.0
2010-01-08,265.100006,267.0,264.149994,265.950012,228.209229,4000986.0
2010-01-11,266.600006,268.350006,265.600006,266.100006,228.337982,2251471.0
2010-01-12,266.0,266.75,260.549988,262.149994,224.948456,3826930.0
2010-01-13,262.0,263.75,260.75,262.5,225.24884,1917571.0
2010-01-14,262.600006,263.600006,255.300003,256.049988,219.714172,3583983.0
2010-01-15,257.75,258.75,255.899994,256.399994,220.014511,4361271.0
2010-01-18,256.5,258.350006,254.550003,257.299988,220.786758,1088348.0
2010-01-19,257.75,257.75,254.600006,255.449997,219.19931,1122943.0
2010-01-20,256.0,258.600006,253.5,257.799988,221.21579,2198874.0
2010-01-21,258.0,261.100006,255.649994,256.75,220.314835,3093875.0
2010-01-22,253.0,259.149994,251.949997,257.950012,221.344543,5117085.0
2010-01-25,258.700012,264.549988,255.5,263.950012,226.493073,4355123.0
2010-01-27,255.050003,263.0,254.699997,259.350006,222.545853,9203979.0
2010-01-28,258.200012,261.75,253.350006,255.300003,219.070587,5049389.0
2010-01-29,251.550003,252.199997,241.050003,242.300003,207.915421,6496604.0
2010-02-01,243.800003,243.800003,234.75,237.25,203.582031,4987343.0
2010-02-02,238.5,240.0,235.0,236.5,202.938477,6004275.0
2010-02-03,237.75,238.5,235.300003,236.449997,202.895569,1595241.0
2010-02-04,237.100006,239.350006,230.5,231.050003,198.261902,3017883.0
2010-02-05,229.5,234.399994,227.0,229.050003,196.545715,4345866.0
2010-02-08,231.0,238.199997,229.75,236.5,202.938477,3139856.0
2010-02-09,238.0,238.0,232.300003,232.600006,199.591934,2435031.0
2010-02-10,233.5,233.949997,229.149994,230.100006,197.446671,2864300.0
2010-02-11,230.5,234.449997,230.5,233.399994,200.278397,2299826.0
2010-02-15,233.949997,234.850006,229.0,229.75,197.146347,1594781.0
2010-02-16,230.0,238.550003,229.300003,237.149994,203.496216,2253497.0
2010-02-17,238.5,244.649994,238.5,240.550003,206.413773,3428957.0
2010-02-18,240.600006,243.899994,238.300003,242.5,208.087036,955635.0
2010-02-19,242.0,245.449997,237.149994,241.0,206.799911,4582596.0
2010-02-22,244.0,247.350006,242.0,246.149994,211.219055,2280787.0
2010-02-23,244.0,245.899994,242.75,244.899994,210.146439,908983.0
2010-02-24,244.0,245.199997,241.0,242.149994,207.786713,1102320.0
2010-02-25,241.149994,242.949997,232.649994,235.199997,201.822983,2791186.0
2010-02-26,239.850006,241.449997,235.0,236.199997,202.681046,1519988.0
2010-03-02,236.949997,238.0,232.899994,234.449997,201.179413,1784738.0
2010-03-03,235.0,240.0,235.0,239.100006,205.16951,2569749.0
2010-03-04,239.100006,244.350006,235.800003,243.449997,208.902206,2585303.0
2010-03-05,242.100006,244.399994,241.149994,243.0,208.516098,588200.0
2010-03-08,243.0,244.699997,237.550003,238.75,204.869186,2970886.0
2010-03-09,238.0,239.949997,235.0,236.050003,202.552338,1719797.0
2010-03-10,235.399994,240.0,235.399994,239.75,205.727264,1600336.0
2010-03-11,236.350006,239.449997,228.149994,228.800003,196.331161,5414907.0
2010-03-12,228.800003,228.800003,218.399994,219.399994,188.265106,10125660.0
2010-03-15,221.399994,227.0,218.0,225.550003,193.542389,6329071.0
2010-03-16,226.149994,227.699997,225.050003,226.699997,194.52919,1801538.0
2010-03-17,227.5,228.75,222.800003,223.899994,192.126526,5445508.0
2010-03-18,224.0,226.949997,223.600006,224.850006,192.941696,2260551.0
2010-03-19,224.850006,229.899994,224.5,228.949997,196.459885,2391153.0
2010-03-22,228.0,229.5,226.0,228.25,195.859207,1821015.0
2010-03-23,228.75,230.300003,227.600006,228.5,196.07373,2591544.0
2010-03-25,228.0,234.0,226.0,232.0,199.077087,5722411.0
2010-03-26,233.800003,239.399994,232.100006,238.5,204.654663,5921814.0
2010-03-29,238.800003,240.399994,238.0,239.699997,205.684357,2712461.0
2010-03-30,240.0,242.300003,239.149994,241.850006,207.529236,3422200.0
2010-03-31,241.100006,242.0,238.050003,239.550003,205.555649,2407315.0
2010-04-01,240.399994,240.449997,230.0,230.399994,197.704132,3320590.0
2010-04-05,230.449997,232.350006,226.649994,229.100006,196.588608,3860534.0
2010-04-06,229.699997,231.649994,228.699997,229.899994,197.275055,2068525.0
2010-04-07,230.0,231.449997,224.5,225.0,193.070419,3120048.0
2010-04-08,224.350006,226.850006,222.0,222.699997,191.096832,2270759.0
2010-04-09,222.75,224.800003,220.699997,221.350006,189.9384,2420707.0
2010-04-12,221.5,225.449997,221.5,224.5,192.641388,3422928.0
2010-04-13,225.0,225.100006,222.75,223.550003,191.826202,1993094.0
2010-04-15,222.75,227.649994,222.75,225.449997,193.456558,4342086.0
2010-04-16,225.449997,227.699997,223.350006,227.0,194.786606,3524900.0
2010-04-19,226.0,226.5,223.800003,224.75,192.855896,1595067.0
2010-04-20,226.5,228.600006,224.0,227.800003,195.473083,2193926.0
2010-04-21,228.199997,234.75,228.199997,232.850006,199.806458,4182139.0
2010-04-22,231.899994,239.949997,231.550003,237.350006,203.667877,6037737.0
2010-04-23,236.899994,241.199997,235.050003,239.100006,205.16951,1959845.0
2010-04-26,239.5,242.0,239.0,241.5,207.228928,1822070.0
2010-04-27,242.600006,243.899994,239.5,242.649994,208.215744,2814625.0
2010-04-28,240.850006,244.0,239.0,241.949997,207.615082,2948610.0
2010-04-29,242.199997,243.050003,231.350006,235.600006,202.166214,6704079.0
2010-04-30,240.850006,241.0,236.0,239.800003,205.770172,1941014.0
2010-05-03,240.899994,240.899994,232.800003,233.75,200.578751,1013619.0
2010-05-04,236.800003,236.800003,231.0,232.350006,199.377396,1444286.0
2010-05-05,242.0,242.0,227.600006,228.75,196.288269,1614615.0
2010-05-06,227.0,235.5,227.0,232.149994,199.20578,2426265.0
2010-05-07,236.699997,238.0,230.0,234.600006,201.308121,2899346.0
2010-05-10,257.0,257.0,234.0,236.949997,203.3246,1103808.0
2010-05-11,237.350006,237.350006,233.350006,236.850006,203.238815,940517.0
2010-05-12,239.0,239.5,236.100006,238.5,204.654663,1439799.0
2010-05-13,243.350006,243.350006,237.5,238.199997,204.397263,3055333.0
2010-05-14,242.75,242.75,233.350006,233.899994,200.707443,1605986.0
2010-05-17,237.100006,241.350006,230.800003,240.050003,205.984711,1367158.0
2010-05-18,239.25,243.199997,236.899994,240.050003,205.984711,1430937.0
2010-05-19,246.0,246.0,232.199997,233.350006,200.235489,1398580.0
2010-05-20,233.5,238.199997,232.5,236.949997,203.3246,1826430.0
2010-05-21,238.100006,238.100006,229.149994,230.699997,197.961548,2123795.0
2010-05-24,236.899994,236.899994,228.75,231.699997,198.819656,1414202.0
2010-05-25,230.899994,231.600006,226.25,230.550003,197.83284,1202978.0
2010-05-26,232.0,232.600006,227.899994,231.550003,198.690933,2730655.0
2010-05-27,232.0,234.850006,230.5,233.0,199.935196,1709736.0
2010-05-28,239.800003,239.800003,232.350006,236.350006,202.809753,888460.0
2010-05-31,237.0,239.699997,235.25,237.199997,203.539154,1813271.0
2010-06-01,237.949997,238.199997,232.350006,233.800003,200.621628,1042836.0
2010-06-02,233.899994,239.0,232.399994,237.75,204.011093,758161.0
2010-06-03,238.100006,250.5,238.100006,247.050003,211.991348,2712932.0
2010-06-04,252.75,257.200012,249.100006,251.699997,215.981445,5072279.0
2010-06-07,234.0,253.399994,234.0,251.050003,215.423691,1864062.0
2010-06-08,245.0,256.549988,245.0,251.399994,215.724014,2482809.0
2010-06-09,245.0,253.0,245.0,249.550003,214.136551,1604824.0
2010-06-10,247.0,252.5,247.0,252.0,216.238876,1728521.0
2010-06-11,255.0,255.0,252.100006,252.75,216.882431,1635866.0
2010-06-14,255.0,259.399994,251.600006,255.449997,219.19931,1971808.0
2010-06-15,256.399994,261.299988,254.449997,260.149994,223.232315,2864416.0
2010-06-16,260.0,261.0,255.300003,255.899994,219.585449,1387595.0
2010-06-17,255.0,256.700012,248.550003,253.0,217.096954,2499448.0
2010-06-18,255.0,258.649994,250.300003,257.75,221.172913,2233551.0
2010-06-21,259.850006,260.0,256.100006,258.75,222.030991,2056026.0
2010-06-22,258.149994,265.450012,258.149994,261.75,224.60527,4306917.0
2010-06-23,260.0,269.200012,260.0,266.200012,228.423782,3854534.0
2010-06-24,266.600006,274.350006,266.100006,270.899994,232.456772,5356066.0
2010-06-25,267.200012,270.549988,264.25,266.25,228.46669,920634.0
2010-06-28,266.25,269.700012,265.350006,266.75,228.895737,1198030.0
2010-06-29,266.75,269.700012,261.100006,262.649994,225.377548,1065270.0
2010-06-30,263.75,269.0,261.299988,267.549988,229.582184,1434286.0
2010-07-01,267.0,273.149994,264.350006,272.5,233.829742,2551949.0
2010-07-02,272.5,273.5,267.200012,268.399994,230.311539,1734300.0
2010-07-05,269.200012,269.350006,265.350006,266.149994,228.38089,844054.0
2010-07-06,267.700012,268.25,265.5,267.350006,229.410583,1054052.0
2010-07-07,268.799988,268.799988,264.649994,267.600006,229.625107,1001367.0
2010-07-08,266.600006,268.549988,264.100006,266.450012,231.668335,1340864.0
2010-07-09,267.0,267.850006,261.200012,262.399994,228.147034,1159054.0
2010-07-12,264.75,265.200012,261.149994,262.149994,227.929626,1133170.0
2010-07-13,262.149994,262.5,258.350006,259.799988,225.886383,1313668.0
2010-07-14,260.0,261.399994,255.5,257.600006,223.973602,1281275.0
2010-07-15,258.75,264.0,257.600006,263.350006,228.973007,1134558.0
2010-07-16,263.100006,266.899994,261.799988,266.149994,231.407501,2734672.0
2010-07-19,265.200012,269.100006,263.700012,264.600006,230.059814,1103384.0
2010-07-20,264.600006,265.0,261.0,262.649994,228.36438,731859.0
2010-07-21,262.649994,267.0,260.899994,261.75,227.581848,1312784.0
2010-07-22,261.899994,263.450012,259.549988,262.299988,228.060043,1046091.0
2010-07-23,262.399994,264.149994,260.299988,261.950012,227.755737,1082091.0
2010-07-26,262.950012,263.899994,260.600006,261.950012,227.755737,1255536.0
2010-07-27,263.200012,266.0,259.399994,260.399994,226.408066,1910751.0
2010-07-28,260.75,262.0,251.100006,252.350006,219.408905,1542725.0
2010-07-29,253.199997,259.799988,250.0,256.5,223.017166,3682710.0
2010-07-30,257.0,258.25,249.600006,251.449997,218.626389,1941787.0
2010-08-02,250.0,254.899994,250.0,253.449997,220.365326,1131419.0
2010-08-03,253.449997,255.399994,252.550003,253.350006,220.278381,911243.0
2010-08-04,253.350006,258.5,251.199997,256.649994,223.147598,1957529.0
2010-08-05,256.649994,259.399994,254.399994,255.300003,221.973816,995609.0
2010-08-06,257.0,257.0,254.699997,255.050003,221.756454,693299.0
2010-08-09,255.399994,257.899994,254.149994,256.049988,222.625931,578268.0
2010-08-10,256.5,261.0,254.149994,260.200012,226.234207,1342358.0
2010-08-11,260.200012,265.200012,260.200012,261.25,227.147125,1939262.0
2010-08-12,261.5,267.399994,259.0,266.0,231.277054,2907430.0
2010-08-13,266.0,267.799988,265.100006,265.799988,231.10318,1392182.0
2010-08-16,266.899994,271.950012,266.350006,269.899994,234.667984,1816654.0
2010-08-17,270.0,271.0,264.350006,265.649994,230.972748,1059553.0
2010-08-18,265.649994,270.399994,263.350006,269.25,234.102829,1543787.0
2010-08-19,270.850006,274.450012,269.100006,274.049988,238.276245,1525384.0
2010-08-20,275.0,275.0,268.049988,268.899994,233.798492,974087.0
2010-08-23,268.0,270.850006,266.799988,268.850006,233.755051,956531.0
2010-08-24,267.25,271.950012,267.100006,269.649994,234.450607,1378329.0
2010-08-25,270.0,272.5,267.100006,268.0,233.016006,1593133.0
2010-08-26,268.149994,269.149994,264.0,265.649994,230.972748,1932725.0
2010-08-27,265.0,265.850006,263.049988,263.950012,229.494705,1440447.0
2010-08-30,265.0,265.0,261.5,263.649994,229.233795,1358795.0
2010-08-31,263.200012,265.0,262.649994,264.5,229.9729,1474262.0
2010-09-01,264.5,267.350006,264.0,266.549988,231.755295,3097428.0
2010-09-02,267.850006,272.200012,266.299988,269.899994,234.667984,1370949.0
2010-09-03,270.0,274.0,269.0,272.899994,237.276352,2525693.0
2010-09-06,274.200012,274.299988,270.549988,271.649994,236.18956,1221034.0
2010-09-07,272.5,272.5,269.299988,270.649994,235.320084,1591280.0
2010-09-08,269.5,275.399994,269.0,274.25,238.450165,2144813.0
2010-09-09,275.25,284.0,275.0,279.049988,242.623596,3187222.0
2010-09-13,278.799988,282.149994,278.100006,279.149994,242.710526,2465247.0
2010-09-14,279.0,283.350006,275.700012,278.149994,241.84108,2084980.0
2010-09-15,278.350006,280.850006,276.600006,278.049988,241.754074,1790301.0
2010-09-16,281.0,281.899994,276.799988,278.100006,241.797577,1871508.0
2010-09-17,278.100006,284.0,277.600006,281.799988,245.014572,2793747.0
2010-09-20,282.75,295.0,282.75,293.200012,254.926483,3669599.0
2010-09-21,294.0,300.0,289.100006,294.950012,256.448059,3025979.0
2010-09-22,295.0,299.0,289.350006,298.0,259.099915,3043081.0
2010-09-23,298.0,304.0,295.0,303.299988,263.708038,2649697.0
2010-09-24,304.0,317.75,303.700012,314.950012,273.83728,9314247.0
2010-09-27,318.0,319.549988,308.100006,308.850006,268.533569,3426497.0
2010-09-28,309.0,309.799988,304.549988,306.200012,266.229492,2201520.0
2010-09-29,307.799988,309.5,303.600006,306.0,266.055634,2061130.0
2010-09-30,306.0,311.850006,304.549988,309.049988,268.707367,4275160.0
2010-10-01,309.0,313.5,307.100006,309.700012,269.272644,4831148.0
2010-10-04,311.700012,313.100006,306.049988,308.549988,268.272675,1726502.0
2010-10-05,308.549988,309.0,303.149994,304.0,264.31662,2544656.0
2010-10-06,306.649994,306.649994,300.100006,301.149994,261.838684,1825848.0
2010-10-07,301.899994,307.899994,294.5,296.350006,257.665283,3504863.0
2010-10-08,298.600006,300.0,293.25,295.799988,257.187073,1884586.0
2010-10-11,296.399994,299.5,294.049988,294.850006,256.361084,1788969.0
2010-10-12,295.899994,295.899994,290.100006,291.799988,253.709198,1096446.0
2010-10-13,294.0,304.799988,291.299988,303.350006,263.751587,2469299.0
2010-10-14,304.600006,305.5,296.850006,299.149994,260.099792,1550344.0
2010-10-15,299.850006,307.0,297.0,298.600006,259.621582,1126220.0
2010-10-18,305.0,305.0,291.100006,296.950012,258.186981,2557873.0
2010-10-19,298.0,301.950012,293.0,297.0,258.230377,3265475.0
2010-10-20,293.5,299.899994,291.5,293.399994,255.100357,646829.0
2010-10-21,295.700012,307.200012,294.0,306.450012,266.446838,2586069.0
2010-10-22,307.0,308.399994,299.450012,301.25,261.92569,1095117.0
2010-10-25,303.200012,308.399994,302.5,306.299988,266.316467,2702090.0
2010-10-26,307.200012,307.5,297.649994,298.25,259.317261,1896233.0
2010-10-27,299.899994,300.0,291.25,293.0,254.752548,1768797.0
2010-10-28,294.75,301.450012,289.100006,291.299988,253.274521,5822602.0
2010-10-29,294.850006,295.549988,290.0,294.700012,256.230713,1282216.0
2010-11-01,296.0,299.0,293.25,294.549988,258.734161,1758922.0
2010-11-02,294.850006,297.399994,293.100006,294.600006,258.778015,1192529.0
2010-11-03,294.75,297.600006,294.5,296.0,260.007782,1301787.0
2010-11-04,297.0,302.0,295.149994,299.200012,262.818695,1572688.0
2010-11-08,300.0,308.950012,300.0,306.649994,269.362762,3699915.0
2010-11-09,308.0,320.549988,307.100006,319.0,280.211121,4730665.0
2010-11-10,318.899994,320.850006,313.049988,314.75,276.477875,2158099.0
2010-11-11,314.600006,316.850006,307.0,309.200012,271.602753,1301797.0
2010-11-12,310.0,310.0,300.350006,301.799988,265.102539,2991462.0
2010-11-15,303.0,305.0,299.0,303.700012,266.771515,1832215.0
2010-11-16,304.0,305.450012,296.100006,298.450012,262.159882,2708676.0
2010-11-18,297.700012,304.0,295.399994,299.549988,263.12616,1863972.0
2010-11-19,299.0,304.899994,297.350006,299.0,262.643036,1868801.0
2010-11-22,300.25,303.0,297.0,299.649994,263.213959,1926822.0
2010-11-23,299.0,302.0,295.600006,300.299988,263.784912,4559950.0
2010-11-24,300.049988,302.5,298.100006,299.799988,263.345734,2857548.0
2010-11-25,299.0,302.0,294.0,297.200012,261.061859,4133258.0
2010-11-26,299.700012,300.0,290.0,293.100006,257.460419,2362814.0
2010-11-29,296.0,300.0,294.549988,297.799988,261.588959,1881023.0
2010-11-30,295.149994,300.350006,294.450012,298.25,261.984222,2755654.0
2010-12-01,297.0,299.899994,296.049988,297.600006,261.413239,1425789.0
2010-12-02,299.149994,300.399994,295.5,296.950012,260.842285,1999299.0
2010-12-03,299.0,305.5,297.25,299.25,262.862579,2629710.0
2010-12-06,302.399994,304.200012,299.100006,300.299988,263.784912,1186326.0
2010-12-07,300.299988,301.75,294.899994,295.75,259.788177,1082204.0
2010-12-08,296.200012,297.450012,293.350006,296.399994,260.359192,1031606.0
2010-12-09,297.799988,298.200012,282.350006,289.100006,253.946762,2342551.0
2010-12-10,290.0,297.799988,288.350006,296.0,260.007782,1445464.0
2010-12-13,297.399994,302.0,295.0,301.0,264.399811,3373709.0
2010-12-14,300.0,301.350006,297.200012,298.25,261.984222,1436627.0
2010-12-15,298.299988,300.899994,296.100006,298.75,262.423401,1659988.0
2010-12-16,299.950012,300.450012,292.799988,294.0,258.251007,1588180.0
2010-12-20,293.600006,296.700012,290.399994,295.149994,259.261108,1426750.0
2010-12-21,295.149994,296.850006,292.100006,293.75,258.031372,1492762.0
2010-12-22,293.0,295.549988,292.600006,293.5,257.811798,1930756.0
2010-12-23,294.75,295.600006,290.549988,291.100006,255.703613,1560930.0
2010-12-24,291.049988,295.950012,290.5,295.0,259.129395,1335207.0
2010-12-27,294.299988,297.0,294.299988,296.25,260.227417,662421.0
2010-12-28,297.0,297.299988,293.700012,294.399994,258.602356,865940.0
2010-12-29,295.700012,305.399994,294.200012,304.700012,267.649902,2300915.0
2010-12-30,304.0,310.549988,304.0,309.299988,271.690552,3240083.0
2010-12-31,310.0,315.799988,307.600006,312.899994,274.852814,1755510.0
2011-01-03,310.049988,315.899994,310.0,313.149994,275.072388,799917.0
2011-01-04,314.0,329.899994,313.5,320.899994,281.880035,5397799.0
2011-01-05,320.700012,327.350006,317.25,325.700012,286.096375,2728170.0
2011-01-06,327.549988,328.799988,312.399994,320.75,281.748352,3041466.0
2011-01-07,321.899994,322.899994,310.600006,313.049988,274.984589,1724192.0
2011-01-10,312.0,317.649994,306.5,309.0,271.427032,2015882.0
2011-01-11,309.5,312.5,303.299988,307.950012,270.504791,2119800.0
2011-01-12,309.600006,310.5,301.600006,304.899994,267.825653,2307451.0
2011-01-13,306.0,307.149994,300.25,302.200012,265.453949,1881351.0
2011-01-14,303.5,313.200012,301.549988,302.549988,265.761322,2492947.0
2011-01-17,302.799988,305.5,300.0,301.649994,264.970825,1474297.0
2011-01-18,302.0,304.799988,300.5,301.850006,265.146484,1808453.0
2011-01-19,303.75,303.75,298.450012,299.649994,263.213959,1937115.0
2011-01-20,296.350006,301.0,296.350006,299.899994,263.433624,1109110.0
2011-01-21,300.0,300.950012,297.0,298.200012,261.940338,783110.0
2011-01-24,297.799988,302.0,296.0,297.950012,261.720673,1753836.0
2011-01-25,299.899994,303.0,280.549988,281.899994,247.622284,4655704.0
2011-01-27,281.0,283.0,270.0,270.700012,237.784149,6960343.0
2011-01-28,270.0,275.0,267.0,271.950012,238.882187,4089851.0
2011-01-31,270.0,276.950012,266.399994,271.149994,238.179443,2852476.0
2011-02-01,271.149994,274.0,267.0,269.649994,236.861832,3627159.0
2011-02-02,271.25,276.549988,269.100006,274.600006,241.209915,1588535.0
2011-02-03,272.5,282.200012,272.5,278.950012,245.030945,2913752.0
2011-02-04,279.0,279.399994,271.5,272.950012,239.760605,2293389.0
2011-02-07,277.0,277.0,271.5,274.350006,240.990326,1160664.0
2011-02-08,276.700012,276.700012,270.850006,273.350006,240.111938,1422707.0
2011-02-09,271.649994,278.700012,269.450012,276.399994,242.791046,2032694.0
2011-02-10,272.5,277.850006,268.350006,272.649994,239.497025,2010110.0
2011-02-11,272.700012,274.350006,268.5,269.149994,236.422623,2245311.0
2011-02-14,272.0,273.850006,268.5,273.149994,239.936249,1438828.0
2011-02-15,273.899994,276.5,271.799988,273.149994,239.936249,1209813.0
2011-02-16,272.149994,276.899994,272.0,275.899994,242.351868,555104.0
2011-02-17,275.5,276.5,273.350006,273.950012,240.638962,965275.0
2011-02-18,273.100006,282.5,273.100006,279.399994,245.426254,2296424.0
2011-02-21,280.0,283.649994,278.0,280.299988,246.216843,1037634.0
2011-02-22,279.350006,281.799988,276.649994,280.299988,246.216843,2089769.0
2011-02-23,278.5,282.0,278.0,280.100006,246.041122,1318836.0
2011-02-24,277.100006,284.0,277.100006,280.100006,246.041122,3732453.0
2011-02-25,277.75,281.899994,272.0,280.299988,246.216843,2248750.0
2011-02-28,279.850006,289.399994,278.0,282.0,247.710114,2254711.0
2011-03-01,283.5,288.549988,282.700012,287.450012,252.497452,1559536.0
2011-03-03,287.100006,292.0,285.700012,290.799988,255.440063,2893254.0
2011-03-04,290.0,291.899994,286.0,287.899994,252.8927,1801007.0
2011-03-07,286.0,287.850006,279.200012,281.350006,247.139175,900565.0
2011-03-08,281.0,285.049988,280.700012,281.75,247.49054,958768.0
2011-03-09,283.399994,283.899994,278.5,279.700012,245.68985,1441408.0
2011-03-10,278.899994,279.799988,275.5,276.649994,243.01059,1008740.0
2011-03-11,275.149994,279.200012,275.149994,277.350006,243.625549,867354.0
2011-03-14,277.350006,279.200012,275.5,278.100006,244.284348,602992.0
2011-03-15,275.549988,279.850006,270.75,274.75,241.341736,1739445.0
2011-03-16,276.100006,276.350006,269.0,271.350006,238.355118,4895626.0
2011-03-17,270.350006,272.850006,269.299988,270.700012,237.784149,1326157.0
2011-03-18,272.100006,272.100006,267.600006,269.0,236.290878,2237160.0
2011-03-21,269.5,270.75,264.700012,266.149994,233.787399,1640861.0
2011-03-22,268.0,270.399994,264.450012,267.700012,235.148941,2312447.0
2011-03-23,267.399994,271.700012,267.100006,269.649994,236.861832,810725.0
2011-03-24,269.899994,270.700012,268.0,269.100006,236.378677,908105.0
2011-03-25,270.0,272.649994,268.100006,271.299988,238.311157,2500090.0
2011-03-28,271.75,279.899994,271.350006,276.700012,243.054611,3088952.0
2011-03-29,276.799988,280.549988,276.0,277.700012,243.932983,2788070.0
2011-03-30,275.0,280.450012,275.0,278.049988,244.240387,1739609.0
2011-03-31,278.5,290.0,276.5,287.100006,252.190018,4410119.0
2011-04-01,286.0,290.049988,282.0,283.950012,249.423019,1301124.0
2011-04-04,283.100006,284.899994,277.149994,279.649994,245.645874,970446.0
2011-04-05,279.0,282.75,274.0,275.350006,241.868759,1201569.0
2011-04-06,276.0,278.200012,274.100006,277.200012,243.493759,1355991.0
2011-04-07,277.600006,279.25,275.0,276.0,242.439713,1185709.0
2011-04-08,276.5,278.899994,275.75,277.049988,243.362045,779829.0
2011-04-11,275.899994,278.799988,272.399994,273.649994,240.375488,2103172.0
2011-04-13,273.100006,285.950012,273.0,281.600006,247.35878,4129166.0
2011-04-15,282.299988,283.299988,272.850006,275.049988,241.60524,2410719.0
2011-04-18,276.0,284.0,274.75,281.149994,246.963455,2137424.0
2011-04-19,280.549988,281.950012,276.299988,277.049988,243.362045,993470.0
2011-04-20,278.950012,284.600006,278.0,284.100006,249.554749,1443344.0
2011-04-21,285.850006,289.950012,283.549988,288.75,253.639328,1731220.0
2011-04-25,289.049988,293.399994,287.600006,288.649994,253.551529,718013.0
2011-04-26,288.950012,288.950012,279.350006,283.600006,249.115509,1236592.0
2011-04-27,284.0,287.75,282.149994,283.5,249.027725,603760.0
2011-04-28,284.0,284.5,278.350006,279.299988,245.338455,2628098.0
2011-04-29,280.75,287.0,279.649994,285.200012,250.521057,2062384.0
2011-05-02,286.799988,288.0,280.200012,281.049988,246.875626,1305466.0
2011-05-03,281.600006,282.200012,271.5,272.649994,239.497025,1559712.0
2011-05-04,272.549988,277.200012,270.600006,275.100006,241.649139,1280917.0
2011-05-05,275.0,275.25,265.899994,267.549988,235.017166,983472.0
2011-05-06,269.899994,277.649994,268.5,275.899994,242.351868,1721684.0
2011-05-09,275.149994,288.700012,269.899994,284.75,250.125732,4797471.0
2011-05-10,286.700012,299.799988,286.700012,297.25,261.105835,6735970.0
2011-05-11,297.0,301.899994,294.049988,300.200012,263.697021,3305966.0
2011-05-12,298.0,303.700012,297.450012,301.399994,264.75119,3247018.0
2011-05-13,299.299988,311.899994,297.549988,306.649994,269.362762,3159300.0
2011-05-16,306.0,310.450012,301.25,304.350006,267.342438,1968360.0
2011-05-17,304.0,310.399994,302.350006,308.950012,271.383118,1755657.0
2011-05-18,309.0,311.649994,308.0,309.049988,271.470917,1558363.0
2011-05-19,308.950012,311.0,307.100006,309.600006,271.954071,1277341.0
2011-05-20,309.0,312.75,308.049988,310.200012,272.48114,1930176.0
2011-05-23,309.950012,309.950012,302.549988,304.0,267.035004,2599483.0
2011-05-24,304.049988,305.299988,298.549988,302.25,265.497803,3335267.0
2011-05-25,301.549988,307.899994,296.549988,300.0,263.521393,2356167.0
2011-05-26,300.049988,310.0,298.75,308.600006,271.075714,2605674.0
2011-05-27,306.100006,307.0,301.149994,301.950012,265.234344,873315.0
2011-05-30,302.100006,304.899994,300.0,302.799988,265.980957,1051439.0
2011-05-31,302.100006,309.450012,302.100006,304.549988,267.518158,1970851.0
2011-06-01,304.850006,313.0,303.200012,310.450012,272.700745,1276905.0
2011-06-02,311.399994,323.799988,310.100006,320.75,281.748352,3956634.0
2011-06-03,320.899994,321.0,315.200012,318.549988,279.815796,2109606.0
2011-06-06,318.649994,319.5,314.149994,314.950012,276.653564,1227592.0
2011-06-07,311.950012,314.899994,306.649994,308.75,271.207367,2256698.0
2011-06-08,306.799988,315.799988,305.649994,313.399994,275.292053,1386122.0
2011-06-09,315.700012,316.299988,312.0,312.549988,274.54538,966979.0
2011-06-10,313.0,313.200012,309.350006,311.450012,273.579163,650374.0
2011-06-13,308.399994,315.799988,308.399994,313.950012,275.775177,1290141.0
2011-06-14,313.600006,318.200012,313.600006,315.350006,277.004944,1805807.0
2011-06-15,314.950012,318.799988,313.0,316.75,278.23468,999983.0
2011-06-16,318.0,323.0,315.25,320.899994,281.880035,3371149.0
2011-06-17,317.25,326.5,317.25,320.899994,281.880035,2503209.0
2011-06-20,320.0,324.700012,313.799988,322.549988,283.329407,4312687.0
2011-06-21,322.0,327.0,320.899994,322.350006,283.153717,2289179.0
2011-06-22,323.0,323.950012,310.0,310.75,272.964294,2409893.0
2011-06-23,310.0,318.899994,309.899994,317.600006,278.981384,1160640.0
2011-06-24,318.049988,325.0,318.049988,324.350006,284.910553,1505937.0
2011-06-27,321.0,327.0,321.0,323.450012,284.119995,1145129.0
2011-06-28,322.399994,325.450012,321.350006,323.600006,284.25177,1401219.0
2011-06-29,324.700012,334.649994,324.100006,332.799988,292.333099,2455593.0
2011-06-30,334.0,348.0,333.5,343.649994,301.8638,4476231.0
2011-07-01,342.399994,343.5,335.700012,336.75,295.802795,1912354.0
2011-07-04,341.0,341.0,335.549988,336.450012,295.539276,1767312.0
2011-07-05,336.049988,336.5,331.450012,332.799988,292.333099,2503942.0
2011-07-06,330.649994,334.899994,328.700012,329.75,289.653992,2436300.0
2011-07-07,330.950012,339.899994,330.200012,335.75,294.924347,2877579.0
2011-07-08,334.0,338.399994,331.649994,333.450012,295.989532,1714115.0
2011-07-11,332.0,335.5,330.950012,332.0,294.702484,865852.0
2011-07-12,331.549988,335.299988,329.0,332.950012,295.545776,1126865.0
2011-07-13,332.450012,334.450012,330.149994,331.350006,294.125549,1144824.0
2011-07-14,331.0,336.049988,328.549988,332.299988,294.96875,1062244.0
2011-07-15,331.200012,333.799988,328.350006,329.75,292.705292,1076030.0
2011-07-18,330.0,334.0,328.0,333.100006,295.678925,1180470.0
2011-07-19,331.75,332.799988,329.5,330.850006,293.681671,1774965.0
2011-07-20,331.649994,333.5,330.0,331.850006,294.569366,1974487.0
2011-07-21,332.75,336.299988,331.399994,333.75,296.25589,1530879.0
2011-07-22,335.200012,337.399994,332.25,333.700012,296.211426,2064576.0
2011-07-25,333.25,334.0,329.75,331.200012,293.992371,2848687.0
2011-07-26,331.700012,333.0,324.200012,327.450012,290.663635,1420497.0
2011-07-27,329.299988,329.299988,322.100006,326.0,289.376495,1853575.0
2011-07-28,325.850006,329.200012,320.049988,322.850006,286.580444,9159189.0
2011-07-29,325.700012,327.0,319.450012,324.0,287.601196,3824366.0
2011-08-01,325.5,327.299988,321.600006,322.950012,286.669098,1349396.0
2011-08-02,323.850006,326.799988,320.25,323.75,287.379272,2364644.0
2011-08-03,320.5,323.450012,317.0,322.0,285.825897,2568934.0
2011-08-04,322.649994,325.450012,317.850006,319.200012,283.340424,2150710.0
2011-08-05,315.0,320.5,312.100006,318.850006,283.029755,2715088.0
2011-08-08,311.25,321.299988,308.549988,319.700012,283.784302,5022498.0
2011-08-09,314.0,322.799988,310.649994,319.450012,283.562408,2979527.0
2011-08-10,318.0,320.0,314.5,316.299988,280.766235,2655553.0
2011-08-11,317.399994,317.399994,314.600006,315.549988,280.100494,1896062.0
2011-08-12,319.0,319.0,313.200012,315.049988,279.656677,1844873.0
2011-08-16,316.0,316.0,309.600006,310.450012,275.573456,2309861.0
2011-08-17,311.0,319.0,310.549988,316.399994,280.85498,1950763.0
2011-08-18,317.850006,320.5,315.5,316.799988,281.210083,1425028.0
2011-08-19,313.549988,319.399994,312.700012,315.700012,280.233673,1724375.0
2011-08-22,315.950012,316.149994,312.549988,313.149994,277.970093,1601337.0
2011-08-23,314.0,319.299988,313.5,318.149994,282.408417,2782892.0
2011-08-24,318.299988,321.600006,315.600006,319.700012,283.784302,2993047.0
2011-08-25,320.549988,324.450012,319.0,320.299988,284.316833,7132173.0
2011-08-26,320.0,321.149994,317.299988,319.649994,283.739838,1486824.0
2011-08-29,320.0,321.850006,318.299988,320.0,284.050568,3558243.0
2011-08-30,320.600006,321.549988,319.149994,320.399994,284.40564,4291158.0
2011-09-02,330.0,331.0,315.350006,320.0,284.050568,4706588.0
2011-09-05,321.399994,321.399994,316.700012,319.850006,283.917419,1668142.0
2011-09-06,319.850006,320.450012,314.950012,320.0,284.050568,2156702.0
2011-09-07,320.0,322.5,318.350006,320.5,284.494385,2609747.0
2011-09-08,320.350006,327.399994,318.799988,324.75,288.266998,3610242.0
2011-09-09,325.149994,338.0,325.0,333.149994,295.723206,5585928.0
2011-09-12,329.600006,348.5,329.600006,346.0,307.129669,4858629.0
2011-09-13,346.75,347.850006,340.149994,341.350006,303.002106,3890429.0
2011-09-14,342.850006,353.950012,337.549988,352.600006,312.988251,3575382.0
2011-09-15,354.5,354.799988,346.100006,349.25,310.014618,3540391.0
2011-09-16,347.25,351.350006,336.850006,339.350006,301.226715,4985062.0
2011-09-19,339.5,340.0,335.200012,337.850006,299.895264,1509561.0
2011-09-20,338.799988,345.950012,337.25,343.0,304.466644,2015334.0
2011-09-21,342.25,345.450012,335.0,338.75,300.694183,2413225.0
2011-09-22,336.0,337.75,331.049988,331.899994,294.613708,2452724.0
2011-09-23,330.100006,335.75,328.0,331.149994,293.947937,2142263.0
2011-09-26,331.899994,331.899994,324.649994,328.899994,291.950714,1384504.0
2011-09-27,330.549988,340.0,328.899994,338.799988,300.738556,2548163.0
2011-09-28,339.899994,339.899994,332.799988,334.75,297.143555,2396557.0
2011-09-29,334.0,347.0,332.100006,343.799988,305.176758,3028674.0
2011-09-30,339.549988,343.5,336.0,340.600006,302.336273,2909985.0
2011-10-03,338.0,339.649994,332.549988,334.149994,296.610962,1403507.0
2011-10-04,333.0,337.0,322.799988,326.25,289.598419,2333503.0
2011-10-05,325.100006,328.450012,319.25,321.899994,285.737122,2867335.0
2011-10-07,328.0,331.649994,325.049988,329.350006,292.350159,2500289.0
2011-10-10,329.350006,334.0,325.25,331.149994,293.947937,2980788.0
2011-10-11,334.0,334.0,324.549988,325.799988,289.199036,1817839.0
2011-10-12,326.350006,331.0,326.100006,329.350006,292.350159,1512005.0
2011-10-13,329.100006,332.5,324.149994,326.75,290.042297,1558110.0
2011-10-14,326.75,334.0,326.75,331.450012,294.214233,2841978.0
2011-10-17,333.799988,335.0,330.049988,333.899994,296.389038,1310537.0
2011-10-18,331.149994,335.649994,327.649994,329.450012,292.438965,1184035.0
2011-10-19,330.149994,334.0,327.850006,331.450012,294.214233,2312230.0
2011-10-20,331.0,333.799988,327.700012,330.450012,293.326599,2261741.0
2011-10-21,331.899994,332.25,325.200012,326.100006,289.465302,1987414.0
2011-10-24,330.0,338.5,328.0,336.899994,299.052032,2005654.0
2011-10-25,339.350006,345.0,334.799988,341.049988,302.735748,3466500.0
2011-10-28,342.899994,360.0,342.0,351.049988,311.612305,3684859.0
2011-10-31,351.0,378.149994,348.350006,375.799988,333.581879,8016432.0
2011-11-01,371.399994,393.25,371.200012,388.100006,344.500092,9174039.0
2011-11-02,384.5,391.899994,383.399994,390.049988,346.231049,4872709.0
2011-11-03,387.549988,387.549988,379.899994,382.25,339.307312,7187338.0
2011-11-04,382.0,383.450012,376.549988,379.649994,340.113556,6162861.0
2011-11-08,377.600006,386.399994,377.600006,380.700012,341.054199,4298936.0
2011-11-09,381.5,397.399994,381.5,392.899994,351.983704,6574596.0
2011-11-11,390.25,398.200012,387.950012,395.649994,354.447235,7170102.0
2011-11-14,396.5,403.350006,395.299988,399.549988,357.941162,3232928.0
2011-11-15,399.0,399.450012,389.700012,391.350006,350.595093,1724676.0
2011-11-16,391.299988,394.5,387.350006,391.899994,351.08786,2297870.0
2011-11-17,392.75,394.700012,389.100006,390.700012,350.012878,1500384.0
2011-11-18,388.950012,393.450012,384.350006,389.850006,349.251343,3435409.0
2011-11-21,389.0,393.0,387.649994,390.200012,349.564911,2197774.0
2011-11-22,390.950012,392.0,383.75,384.899994,344.816803,3609814.0
2011-11-23,383.75,387.75,378.5,383.649994,343.696991,2879124.0
2011-11-24,383.700012,387.0,379.0,385.0,344.906433,1911340.0
2011-11-25,384.549988,384.549988,373.25,375.799988,336.664459,1709121.0
2011-11-28,376.75,383.850006,376.75,381.899994,342.129242,2004148.0
2011-11-29,382.950012,389.950012,382.049988,388.200012,347.773132,2414054.0
2011-11-30,387.799988,401.0,387.100006,397.149994,355.791107,4964804.0
2011-12-01,403.0,403.0,389.700012,390.600006,349.923279,3180616.0
2011-12-02,393.399994,397.399994,391.350006,394.899994,353.775482,2696779.0
2011-12-05,395.350006,398.399994,392.200012,395.0,353.86499,1116245.0
2011-12-07,395.0,400.049988,393.399994,396.75,355.4328,1884018.0
2011-12-08,394.549988,397.5,388.25,392.950012,352.028534,1886638.0
2011-12-09,390.399994,390.950012,384.649994,385.700012,345.533508,1789135.0
2011-12-12,386.149994,386.5,381.0,383.299988,343.383514,1926515.0
2011-12-13,385.0,388.0,381.75,386.049988,345.847076,944694.0
2011-12-14,385.049988,392.450012,382.399994,384.450012,344.413727,1268518.0
2011-12-15,384.0,396.75,382.549988,395.200012,354.04425,2848153.0
2011-12-16,395.5,405.0,388.0,392.799988,351.894104,2709272.0
2011-12-19,393.5,399.200012,388.5,396.200012,354.940063,1861261.0
2011-12-20,396.600006,402.899994,394.5,396.700012,355.388,1722756.0
2011-12-21,402.0,404.649994,397.600006,401.5,359.68811,2958318.0
2011-12-22,401.0,412.5,399.25,408.399994,365.869568,3480833.0
2011-12-23,410.0,414.899994,408.5,411.700012,368.825897,2478598.0
2011-12-26,411.950012,420.25,411.799988,419.200012,375.544891,3210785.0
2011-12-27,419.0,420.049988,415.049988,416.75,373.350006,1805252.0
2011-12-28,416.950012,418.0,410.700012,411.649994,368.781097,2100950.0
2011-12-29,411.75,416.75,407.100006,414.299988,371.155029,3064284.0
2011-12-30,414.899994,414.950012,405.350006,407.399994,364.973694,1008710.0
2012-01-02,408.149994,410.0,401.5,402.399994,360.494385,772876.0
2012-01-03,405.25,411.700012,405.25,407.950012,365.466431,1521362.0
2012-01-04,407.600006,407.600006,392.75,395.450012,354.268158,2571970.0
2012-01-05,394.899994,398.850006,389.25,393.350006,352.386841,3679775.0
2012-01-06,393.75,399.649994,388.350006,396.799988,355.47757,1730249.0
2012-01-09,394.299988,395.850006,390.5,393.450012,352.47641,1662954.0
2012-01-10,393.5,399.0,391.700012,395.450012,354.268158,1818282.0
2012-01-11,396.850006,398.700012,391.350006,392.5,351.625366,1313159.0
2012-01-12,393.75,397.100006,388.5,394.049988,353.013977,2145254.0
2012-01-13,393.899994,394.600006,390.200012,391.649994,350.863892,2414816.0
2012-01-16,391.0,391.0,385.0,386.350006,346.115814,2898804.0
2012-01-17,387.600006,399.0,385.700012,397.600006,356.194336,3985373.0
2012-01-18,399.5,399.5,388.5,392.25,351.401398,1875310.0
2012-01-19,394.0,395.299988,388.0,391.399994,350.639923,1924205.0
2012-01-20,392.0,393.649994,389.350006,391.149994,350.415924,1944382.0
2012-01-23,391.149994,402.649994,388.700012,395.649994,354.447235,2009356.0
2012-01-24,399.399994,399.450012,392.0,393.100006,352.162872,1785375.0
2012-01-25,393.5,399.100006,389.25,393.549988,352.565979,3214760.0
2012-01-27,393.549988,399.950012,384.100006,389.950012,349.340942,3014531.0
2012-01-30,388.0,390.899994,380.0,382.350006,342.532379,3357821.0
2012-01-31,384.0,384.0,374.350006,378.950012,339.486511,5410046.0
2012-02-01,379.75,386.350006,377.149994,384.75,344.682404,3629907.0
2012-02-02,386.0,393.450012,385.200012,390.700012,350.012878,3401946.0
2012-02-03,392.25,403.950012,391.049988,401.399994,359.598511,3661767.0
2012-02-06,405.899994,410.899994,384.600006,387.049988,346.74292,8152556.0
2012-02-07,388.0,388.0,378.0,382.149994,342.35321,6607892.0
2012-02-08,383.0,389.899994,382.5,388.549988,348.08667,2952882.0
2012-02-09,385.299988,394.700012,385.299988,393.350006,352.386841,1611262.0
2012-02-10,393.0,395.0,385.75,387.399994,347.056458,1192722.0
2012-02-13,388.399994,393.700012,387.100006,391.75,350.953461,1329643.0
2012-02-14,391.200012,393.0,388.5,391.850006,351.04303,1096306.0
2012-02-15,393.75,393.75,385.0,388.5,348.041901,2772667.0
2012-02-16,389.0,389.0,383.100006,384.049988,344.055298,1472742.0
2012-02-17,385.549988,388.0,381.200012,385.100006,344.995972,3128005.0
2012-02-21,385.100006,388.399994,381.049988,381.950012,342.174072,2314496.0
2012-02-22,381.0,383.5,376.100006,378.5,339.083313,2030557.0
2012-02-23,377.149994,389.450012,377.149994,388.200012,347.773132,2728135.0
2012-02-24,389.75,390.399994,383.549988,385.899994,345.712677,1728472.0
2012-02-27,388.850006,390.799988,377.600006,380.049988,340.471893,2232300.0
2012-02-28,380.649994,384.0,380.049988,381.25,341.546906,2574086.0
2012-02-29,382.149994,386.850006,378.850006,380.200012,340.606262,4159331.0
2012-03-01,379.5,382.899994,377.299988,380.350006,340.740631,1603552.0
2012-03-02,379.649994,383.649994,376.5,382.850006,342.980316,1316617.0
2012-03-05,380.0,383.25,377.200012,382.549988,342.711517,765991.0
2012-03-06,380.100006,386.399994,378.100006,380.200012,340.606262,1464049.0
2012-03-07,381.25,386.0,378.299988,385.0,344.906433,1118547.0
2012-03-09,385.0,388.100006,381.0,382.25,342.44281,1401098.0
2012-03-12,383.5,385.0,380.0,380.549988,340.91983,766487.0
2012-03-13,381.0,385.799988,380.600006,381.799988,342.039612,890947.0
2012-03-14,384.799988,386.0,380.600006,381.549988,341.815704,1316660.0
2012-03-15,383.700012,390.0,382.100006,388.100006,347.683594,2310912.0
2012-03-16,389.899994,391.950012,383.149994,390.200012,349.564911,2672919.0
2012-03-19,391.0,399.700012,387.75,393.850006,352.834747,2963461.0
2012-03-20,395.100006,398.899994,392.649994,395.399994,354.223358,2100522.0
2012-03-21,395.200012,404.5,395.100006,403.200012,361.21109,3610315.0
2012-03-22,404.0,406.350006,392.799988,395.850006,354.626495,2497386.0
2012-03-23,396.5,407.0,396.5,403.100006,361.12149,3300855.0
2012-03-26,403.0,405.450012,396.549988,403.350006,361.345459,1925706.0
2012-03-27,404.799988,417.700012,403.0,416.049988,372.72287,4279621.0
2012-03-28,415.549988,418.549988,411.0,412.5,369.542603,1830505.0
2012-03-29,411.0,414.549988,406.200012,408.350006,365.824738,2403473.0
2012-03-30,409.200012,414.450012,406.299988,410.049988,367.347687,1963767.0
2012-04-02,408.200012,408.950012,404.100006,405.649994,363.405914,1539502.0
2012-04-03,407.799988,409.649994,402.75,403.75,361.703796,1308869.0
2012-04-04,404.0,404.299988,398.0,399.200012,357.627655,1285156.0
2012-04-09,399.200012,406.200012,399.200012,404.5,362.375732,1463760.0
2012-04-10,405.0,417.5,404.850006,414.950012,371.737457,2726003.0
2012-04-11,413.25,420.850006,410.100006,416.600006,373.215607,1747310.0
2012-04-12,416.25,422.0,414.600006,421.200012,377.336548,1678795.0
2012-04-13,424.0,428.399994,422.899994,425.149994,380.875214,891169.0
2012-04-16,424.75,425.899994,420.350006,421.25,377.381378,722676.0
2012-04-17,421.0,425.450012,419.350006,422.200012,378.232452,1470364.0
2012-04-18,423.0,424.100006,420.25,422.850006,378.814758,1749037.0
2012-04-19,423.5,430.5,420.600006,425.5,381.188751,2363011.0
2012-04-20,426.0,426.0,416.399994,423.0,378.949158,1990448.0
2012-04-23,422.350006,424.350006,416.0,417.100006,373.663544,498101.0
2012-04-24,417.899994,423.350006,416.350006,420.5,376.709412,1386044.0
2012-04-25,419.350006,422.0,416.399994,419.100006,375.455261,1021535.0
2012-04-26,418.100006,419.850006,412.25,414.700012,371.513519,2175667.0
2012-04-27,414.0,418.299988,412.549988,415.399994,372.140594,2408519.0
2012-04-30,417.649994,421.399994,414.350006,417.600006,374.11145,2701937.0
2012-05-02,417.600006,433.799988,417.600006,425.0,380.740814,4465721.0
2012-05-03,422.5,435.5,422.5,434.75,389.475525,6817254.0
2012-05-04,432.5,437.75,431.149994,434.899994,389.609924,1828561.0
2012-05-07,429.549988,434.0,425.0,429.950012,385.175323,1165490.0
2012-05-08,430.0,436.299988,429.600006,430.850006,385.981598,1505249.0
2012-05-09,430.5,435.700012,426.600006,432.549988,387.504608,1656021.0
2012-05-10,431.100006,440.0,431.100006,433.25,388.131653,1652017.0
2012-05-11,435.0,435.0,431.399994,432.049988,387.056671,1811513.0
2012-05-14,433.950012,435.0,430.450012,433.850006,388.669189,1208457.0
2012-05-15,432.0,433.799988,431.549988,432.450012,387.415039,1454395.0
2012-05-16,430.0,433.0,426.75,427.75,383.204407,2094109.0
2012-05-17,428.700012,435.299988,426.200012,429.950012,385.175323,2518722.0
2012-05-18,426.149994,437.0,426.149994,432.049988,387.056671,2121717.0
2012-05-21,431.200012,433.950012,425.0,426.200012,381.815857,914515.0
2012-05-22,428.399994,429.399994,422.350006,423.850006,379.710602,1318747.0
2012-05-23,422.899994,429.0,419.200012,427.0,382.532562,1594562.0
2012-05-24,428.0,428.0,420.799988,424.700012,380.472076,1065218.0
2012-05-25,423.0,425.899994,419.0,420.850006,377.02301,1174995.0
2012-05-28,420.5,421.450012,413.200012,417.450012,373.977142,1259996.0
2012-05-29,418.0,419.549988,414.0,416.25,372.902069,1147219.0
2012-05-30,416.0,423.399994,414.049988,422.450012,378.45639,1459824.0
2012-05-31,418.75,430.799988,417.649994,428.0,383.428467,3840908.0
2012-06-01,428.399994,433.0,417.899994,419.5,375.813629,1198654.0
2012-06-04,417.399994,419.600006,408.799988,412.399994,369.453033,1053519.0
2012-06-05,414.5,415.950012,406.100006,407.299988,364.884125,1596568.0
2012-06-06,409.149994,425.600006,409.149994,420.049988,376.306335,5031386.0
2012-06-07,423.5,425.0,421.649994,423.75,379.621002,2861606.0
2012-06-08,422.549988,431.25,422.299988,429.299988,384.593048,2762193.0
2012-06-11,430.25,437.649994,429.299988,436.149994,390.729614,1765844.0
2012-06-12,434.950012,435.5,430.25,432.549988,387.504608,2128965.0
2012-06-13,432.25,448.5,432.200012,447.549988,400.942505,3034493.0
2012-06-14,446.0,449.700012,440.049988,440.799988,394.895447,1950641.0
2012-06-15,443.0,451.950012,441.549988,449.450012,402.644653,2487629.0
2012-06-18,450.0,453.799988,443.75,446.450012,399.957062,1868135.0
2012-06-19,445.0,452.950012,445.0,449.200012,402.420685,1865944.0
2012-06-20,449.0,458.0,448.200012,455.600006,408.154236,2265526.0
2012-06-21,453.049988,464.700012,452.75,460.149994,412.230377,1908311.0
2012-06-22,458.600006,464.200012,458.200012,460.299988,412.364746,1112693.0
2012-06-25,460.0,463.799988,459.200012,460.049988,412.140747,1042431.0
2012-06-26,458.25,458.700012,448.100006,450.700012,403.764465,2391622.0
2012-06-27,451.799988,454.899994,449.049988,452.450012,405.332214,1547735.0
2012-06-28,452.5,454.700012,449.549988,451.649994,404.61557,2047672.0
2012-06-29,458.700012,463.299988,453.350006,454.5,407.168732,4480357.0
2012-07-02,453.25,456.600006,445.549988,446.600006,400.0914,1476506.0
2012-07-03,446.5,451.0,438.600006,441.350006,395.388184,2158825.0
2012-07-04,439.850006,441.0,434.700012,437.950012,395.930573,1243347.0
2012-07-05,438.0,445.0,438.0,440.850006,398.552399,1228702.0
2012-07-06,441.0,448.0,441.0,446.049988,403.253418,1942688.0
2012-07-09,446.399994,446.950012,443.100006,443.950012,401.35495,1006094.0
2012-07-10,445.600006,448.5,440.299988,446.399994,403.569794,2182734.0
2012-07-11,446.0,446.549988,438.350006,441.399994,399.049591,2486849.0
2012-07-12,440.0,447.899994,439.350006,442.950012,400.450867,1698747.0
2012-07-13,442.600006,445.299988,440.5,441.100006,398.778381,823610.0
2012-07-16,442.0,445.600006,439.350006,441.149994,398.823608,1047284.0
2012-07-17,441.25,445.700012,441.25,444.149994,401.535736,1194197.0
2012-07-18,445.850006,447.399994,443.049988,446.299988,403.479431,1934268.0
2012-07-19,448.799988,449.0,444.200012,446.649994,403.795898,1153087.0
2012-07-20,446.700012,449.399994,445.149994,446.049988,403.253418,1922480.0
2012-07-23,445.5,446.0,441.450012,442.950012,400.450867,1981053.0
2012-07-24,452.799988,477.75,450.350006,476.200012,430.510681,12434286.0
2012-07-25,473.649994,474.75,463.600006,464.450012,419.888092,3588427.0
2012-07-26,465.0,466.399994,460.799988,461.850006,417.537537,2844026.0
2012-07-27,464.0,468.5,463.100006,464.600006,420.023682,3973735.0
2012-07-30,467.899994,469.0,461.549988,465.75,421.063324,3988589.0
2012-07-31,465.149994,469.700012,464.950012,467.350006,422.509796,5639186.0
2012-08-01,465.950012,473.799988,465.0,470.149994,425.041168,1493360.0
2012-08-02,470.350006,473.799988,466.649994,468.450012,423.504272,1552143.0
2012-08-03,466.299988,469.850006,465.5,466.600006,421.831726,1784528.0
2012-08-06,468.25,470.0,465.5,467.350006,422.509796,988874.0
2012-08-07,468.100006,472.5,466.399994,469.899994,424.815155,1946016.0
2012-08-08,470.0,478.950012,469.299988,477.149994,431.369537,1835156.0
2012-08-09,477.25,489.850006,477.25,488.25,441.404541,1705222.0
2012-08-10,486.049988,498.5,485.950012,497.700012,449.947845,1706786.0
2012-08-13,494.700012,499.0,487.399994,490.299988,443.257843,1442959.0
2012-08-14,492.0,497.149994,488.600006,495.899994,448.320557,646462.0
2012-08-16,495.899994,496.450012,490.0,494.75,447.280823,1459688.0
2012-08-17,494.950012,505.450012,493.549988,503.399994,455.100952,2565741.0
2012-08-21,503.399994,514.799988,500.700012,513.599976,464.322296,2584115.0
2012-08-22,512.0,515.0,510.100006,512.849976,463.644226,1602330.0
2012-08-23,512.25,524.5,512.099976,520.400024,470.46994,2546219.0
2012-08-24,519.950012,528.0,516.349976,517.950012,468.255005,3544251.0
2012-08-27,520.0,525.950012,518.599976,521.049988,471.057556,1680007.0
2012-08-28,521.0,525.700012,519.299988,524.099976,473.81485,1484882.0
2012-08-29,522.349976,524.799988,518.799988,522.549988,472.413544,1550960.0
2012-08-30,519.049988,550.849976,519.049988,528.700012,477.973541,3526927.0
2012-08-31,527.900024,529.450012,514.049988,515.099976,465.678345,3416287.0
2012-09-03,517.950012,518.900024,511.200012,515.099976,465.678345,1740309.0
2012-09-04,514.049988,522.450012,514.049988,521.049988,471.057556,1312288.0
2012-09-05,518.049988,532.450012,518.049988,531.200012,480.233704,2837160.0
2012-09-06,531.099976,533.5,523.599976,526.450012,475.939484,1744174.0
2012-09-07,531.0,539.5,526.900024,538.950012,487.240204,2340778.0
2012-09-10,542.0,542.299988,533.400024,535.150024,483.804779,1855860.0
2012-09-11,534.400024,539.049988,530.099976,531.849976,480.821259,1168093.0
2012-09-12,534.0,542.5,533.0,541.0,489.093323,1763051.0
2012-09-13,540.0,548.0,539.049988,547.049988,494.562958,1786501.0
2012-09-14,552.0,554.700012,545.549988,548.049988,495.46698,3526275.0
2012-09-17,554.0,554.049988,529.150024,531.849976,480.821259,4246948.0
2012-09-18,531.0,537.900024,528.200012,532.400024,481.318634,3898228.0
2012-09-20,532.400024,540.950012,525.5,527.5,476.888611,3448015.0
2012-09-21,531.200012,536.799988,528.299988,529.700012,478.877655,3416021.0
2012-09-24,530.0,531.049988,508.700012,518.049988,468.345367,4620998.0
2012-09-25,518.0,530.099976,511.399994,528.400024,477.702362,2698327.0
2012-09-26,527.900024,535.900024,524.400024,526.849976,476.301025,1743114.0
2012-09-27,529.900024,540.0,527.650024,537.75,486.155243,2452894.0
2012-09-28,538.25,549.0,536.549988,545.849976,493.478119,2379138.0
2012-10-01,543.0,546.200012,541.549988,542.849976,490.76593,726130.0
2012-10-03,542.849976,557.700012,542.25,555.5,502.20224,1781389.0
2012-10-04,556.5,561.900024,554.5,555.5,502.20224,2203993.0
2012-10-05,559.0,568.700012,444.450012,565.400024,511.152313,3291190.0
2012-10-08,563.049988,564.900024,557.549988,560.049988,506.315704,1027242.0
2012-10-09,561.25,570.599976,561.25,568.849976,514.27124,1351313.0
2012-10-10,567.0,568.75,562.849976,563.900024,509.796234,1058543.0
2012-10-11,566.75,572.950012,558.75,571.349976,516.531494,1409055.0
2012-10-12,573.950012,576.25,570.25,575.049988,519.876465,1314242.0
2012-10-15,575.0,579.900024,569.200012,578.549988,523.040527,1092761.0
2012-10-16,578.5,580.450012,568.650024,574.25,519.153198,1456748.0
2012-10-17,575.049988,575.900024,569.25,573.049988,518.068359,904193.0
2012-10-18,573.299988,580.0,571.0,575.599976,520.373718,979652.0
2012-10-19,574.0,574.049988,564.650024,566.549988,512.191956,2057309.0
2012-10-22,566.650024,572.0,565.25,569.450012,514.813721,1019679.0
2012-10-23,569.900024,573.150024,567.0,570.349976,515.627319,781659.0
2012-10-25,570.349976,570.950012,559.849976,563.950012,509.841492,3283093.0
2012-10-29,564.700012,569.0,541.049988,546.049988,493.658844,8459974.0
2012-10-30,545.700012,554.200012,543.349976,550.599976,497.772247,1615935.0
2012-10-31,550.200012,551.049988,541.5,546.599976,494.156067,2000378.0
2012-11-01,537.400024,540.599976,531.0,537.450012,489.917328,1843023.0
2012-11-02,541.450012,541.450012,532.200012,533.0,485.860962,2005259.0
2012-11-05,536.400024,537.25,530.349976,533.0,485.860962,1500512.0
2012-11-06,530.5,535.0,526.599976,532.849976,485.724152,1590975.0
2012-11-07,532.099976,536.299988,527.099976,534.549988,487.273865,1835616.0
2012-11-08,532.25,536.900024,530.599976,533.349976,486.179962,1192259.0
2012-11-09,532.349976,536.400024,525.799988,529.150024,482.35141,1541504.0
2012-11-12,528.049988,533.099976,528.0,529.799988,482.94397,1292637.0
2012-11-15,530.0,535.950012,527.5,533.799988,486.590179,2175437.0
2012-11-16,532.450012,533.900024,516.599976,521.0,474.922241,1544605.0
2012-11-19,521.0,521.0,512.099976,516.650024,470.957001,1503306.0
2012-11-20,517.849976,522.900024,514.5,520.200012,474.192932,1387806.0
2012-11-21,518.599976,526.150024,517.650024,524.599976,478.203827,1414178.0
2012-11-22,524.099976,528.849976,521.75,524.349976,477.975891,1068387.0
2012-11-23,526.5,532.5,524.200012,530.200012,483.308594,1034970.0
2012-11-26,530.0,540.0,528.099976,537.400024,489.871796,1089441.0
2012-11-27,537.5,543.900024,537.200012,541.650024,493.745911,1737783.0
2012-11-29,541.650024,550.900024,540.200012,548.150024,499.671051,2396376.0
2012-11-30,548.0,549.700012,536.0,538.099976,490.509857,2283393.0
2012-12-03,540.799988,542.299988,535.200012,536.5,489.051331,1541307.0
2012-12-04,536.049988,538.099976,532.0,533.700012,486.498993,710732.0
2012-12-05,534.25,537.799988,530.349976,531.75,484.721466,1159578.0
2012-12-06,533.0,537.0,522.349976,535.25,487.911926,2297890.0
2012-12-07,533.349976,537.349976,527.299988,530.650024,483.718781,3273673.0
2012-12-10,531.099976,536.549988,531.0,534.849976,487.547302,1907839.0
2012-12-11,534.099976,554.25,534.099976,544.900024,496.708557,6021846.0
2012-12-12,545.599976,546.549988,528.0,529.75,482.898346,6114128.0
2012-12-13,528.0,531.950012,513.849976,519.75,473.782806,6190043.0
2012-12-14,520.0,524.200012,513.599976,516.650024,470.957001,2918226.0
2012-12-17,518.0,523.549988,515.0,522.75,476.517456,1515965.0
2012-12-18,523.700012,525.5,517.25,524.75,478.340485,1239848.0
2012-12-19,525.450012,527.0,520.650024,522.950012,476.699768,3281937.0
2012-12-20,522.049988,534.25,520.950012,532.700012,485.587402,2607533.0
2012-12-21,530.700012,534.5,525.099976,527.150024,480.52829,1643260.0
2012-12-24,528.0,536.549988,524.299988,531.700012,484.675964,974860.0
2012-12-26,531.700012,531.700012,522.299988,523.400024,477.110016,1066122.0
2012-12-27,525.0,525.0,515.75,518.200012,472.369843,3096975.0
2012-12-28,519.799988,523.0,516.950012,522.099976,475.924927,1300009.0
2012-12-31,522.099976,526.900024,520.049988,524.849976,478.431702,807948.0
2013-01-01,525.549988,533.5,525.25,530.599976,483.673187,538696.0
2013-01-02,531.099976,534.0,528.049988,530.5,483.582031,1523020.0
2013-01-03,532.0,533.700012,526.5,532.349976,485.268311,1059032.0
2013-01-04,534.0,536.299988,529.099976,534.700012,487.410583,1159517.0
2013-01-07,533.650024,534.650024,522.799988,525.400024,478.933075,2310025.0
2013-01-08,523.0,527.099976,520.0,525.5,479.0242,1646596.0
2013-01-09,526.0,529.849976,518.200012,519.299988,473.372589,1566612.0
2013-01-10,520.0,521.900024,513.700012,516.599976,470.911377,1651086.0
2013-01-11,517.0,518.0,495.100006,498.100006,454.047546,2134714.0
2013-01-14,500.0,508.399994,492.0,505.299988,460.610718,2522332.0
2013-01-15,504.950012,508.299988,497.600006,503.700012,459.152252,2537955.0
2013-01-16,504.450012,505.100006,498.0,500.149994,455.916168,2197579.0
2013-01-17,498.049988,504.549988,496.600006,500.549988,456.280853,2527307.0
2013-01-18,502.0,502.799988,488.0,490.399994,447.028503,3953993.0
2013-01-21,490.049988,499.850006,482.350006,497.25,453.272705,4409836.0
2013-01-22,496.399994,505.5,463.399994,480.899994,438.368713,13295996.0
2013-01-23,451.200012,463.600006,447.850006,460.049988,419.362701,18353640.0
2013-01-24,458.799988,470.299988,457.649994,468.799988,427.338867,2986749.0
2013-01-25,468.5,477.850006,466.450012,476.5,434.357849,3193879.0
2013-01-28,476.0,476.950012,466.049988,470.350006,428.75174,2867126.0
2013-01-29,468.0,471.850006,465.25,468.549988,427.110931,2203760.0
2013-01-30,469.600006,481.799988,469.600006,477.450012,435.223846,3235887.0
2013-01-31,473.100006,479.100006,470.0,473.950012,432.033386,2602245.0
2013-02-01,472.850006,472.850006,463.450012,464.850006,423.738159,1778094.0
2013-02-04,466.100006,469.5,459.600006,467.100006,425.789185,2333391.0
2013-02-05,464.700012,468.0,459.899994,461.5,420.684479,1464418.0
2013-02-06,462.549988,463.399994,451.149994,454.25,414.075684,2398688.0
2013-02-07,452.0,458.299988,452.0,456.0,415.670959,1306127.0
2013-02-08,455.049988,457.5,449.5,452.700012,412.66275,2054421.0
2013-02-11,455.049988,463.5,450.100006,460.549988,419.818512,1687906.0
2013-02-12,457.5,464.25,457.5,460.0,419.317108,1161048.0
2013-02-13,460.0,460.0,453.649994,455.75,415.443024,1457944.0
2013-02-14,454.149994,467.950012,453.600006,464.549988,423.464661,2698872.0
2013-02-15,463.600006,467.799988,460.100006,462.100006,421.231415,1446219.0
2013-02-18,462.299988,471.75,462.0,470.200012,428.615082,1116507.0
2013-02-19,472.0,477.850006,469.450012,476.600006,434.449036,1684526.0
2013-02-20,477.0,478.700012,471.950012,477.149994,434.950378,1257057.0
2013-02-21,476.0,478.200012,464.149994,468.25,426.837463,2049876.0
2013-02-22,467.0,467.149994,454.0,455.399994,415.123932,2420050.0
2013-02-25,456.049988,457.799988,450.0,451.700012,411.751251,1483568.0
2013-02-26,451.5,462.0,450.600006,452.100006,412.115814,1591179.0
2013-02-27,454.5,459.799988,452.450012,453.25,413.164124,1530865.0
2013-02-28,455.399994,458.0,435.0,443.049988,403.86618,3984567.0
2013-03-01,447.0,456.649994,440.149994,452.799988,412.753906,1620895.0
2013-03-04,450.350006,451.950012,440.0,440.950012,401.951996,2112775.0
2013-03-05,442.75,451.399994,441.0,449.899994,410.110352,2602130.0
2013-03-06,450.25,451.0,439.100006,440.5,401.541779,3117341.0
2013-03-07,438.75,443.0,432.149994,433.200012,394.88736,3510565.0
2013-03-08,434.75,439.700012,433.200012,437.799988,399.080505,3710974.0
2013-03-11,438.0,444.399994,437.5,439.049988,400.219971,2172102.0
2013-03-12,440.0,448.5,439.299988,444.450012,405.142426,3055791.0
2013-03-13,444.0,450.0,443.600006,446.75,407.238953,1964447.0
2013-03-14,446.100006,460.0,446.100006,456.049988,415.716431,4887406.0
2013-03-15,457.950012,464.0,455.549988,458.600006,418.040955,5763799.0
2013-03-18,455.0,466.5,455.0,463.450012,422.461975,2315988.0
2013-03-19,467.049988,467.649994,452.5,453.5,413.391968,3089196.0
2013-03-20,453.5,470.350006,450.399994,468.649994,427.202118,2681146.0
2013-03-21,468.850006,472.0,457.299988,460.799988,420.046356,3649437.0
2013-03-22,461.5,468.700012,456.700012,459.100006,418.496735,2023676.0
2013-03-25,463.149994,465.0,458.350006,461.299988,420.502075,1175950.0
2013-03-26,462.600006,475.799988,462.600006,472.700012,430.893982,2577126.0
2013-03-28,472.700012,472.700012,462.850006,466.950012,425.652466,5842644.0
2013-04-01,466.950012,474.799988,465.100006,471.350006,429.6633,944417.0
2013-04-02,471.0,474.0,468.799988,470.899994,429.253082,855108.0
2013-04-03,467.399994,470.950012,461.100006,462.799988,421.869476,1700086.0
2013-04-04,461.549988,471.700012,461.549988,470.049988,428.478271,1726008.0
2013-04-05,469.950012,474.399994,468.350006,471.700012,429.982361,1372376.0
2013-04-08,471.0,479.350006,471.0,477.950012,435.679596,1869019.0
2013-04-09,479.049988,480.5,469.149994,472.149994,430.392578,3098313.0
2013-04-10,477.0,477.0,465.200012,467.950012,426.564026,2033464.0
2013-04-11,472.799988,474.0,465.0,471.649994,429.936737,2194005.0
2013-04-12,468.100006,480.0,468.100006,479.049988,436.682281,1502206.0
2013-04-15,479.100006,479.700012,470.600006,475.0,432.990509,1378046.0
2013-04-16,473.0,487.0,471.5,485.799988,442.835327,1451228.0
2013-04-17,484.0,487.950012,482.049988,483.049988,440.328552,2711366.0
2013-04-18,482.350006,487.5,481.25,483.200012,440.465302,2197874.0
2013-04-22,483.200012,487.0,481.149994,482.899994,440.191803,2283739.0
2013-04-23,482.0,489.5,477.649994,479.350006,436.95578,1320840.0
2013-04-25,479.350006,486.350006,469.100006,478.649994,436.317688,2833099.0
2013-04-26,477.350006,477.350006,462.700012,465.049988,423.92041,2239631.0
2013-04-29,465.0,499.649994,457.600006,497.350006,453.363861,11096404.0
2013-04-30,547.049988,597.0,547.049988,583.799988,532.168091,19185543.0
2013-05-02,583.799988,583.799988,570.349976,571.849976,521.275024,7162821.0
2013-05-03,570.5,577.5,570.5,572.400024,521.776245,2935748.0
2013-05-06,572.200012,576.150024,571.099976,573.150024,522.460022,1541686.0
2013-05-07,573.0,581.400024,572.5,579.349976,528.111816,1953522.0
2013-05-08,578.25,588.400024,578.25,587.0,535.085083,2665710.0
2013-05-09,588.0,588.099976,584.0,584.849976,533.125244,1192515.0
2013-05-10,587.700012,587.75,583.549988,585.0,533.262024,962470.0
2013-05-13,585.849976,587.0,581.25,582.200012,530.709717,1858762.0
2013-05-14,582.450012,585.0,581.549988,583.849976,532.213745,762210.0
2013-05-15,585.700012,587.599976,583.549988,585.5,533.717773,1871906.0
2013-05-16,583.099976,585.849976,582.049988,582.75,531.210938,3247546.0
2013-05-17,582.5,586.75,582.5,586.0,534.173584,1493246.0
2013-05-20,586.0,587.849976,585.049988,586.400024,534.538147,1476948.0
2013-05-21,586.0,590.0,585.25,585.799988,533.991211,1565233.0
2013-05-22,584.099976,585.549988,584.099976,585.099976,533.353088,1053010.0
2013-05-23,584.25,585.900024,584.25,585.25,533.489929,2498040.0
2013-05-24,586.0,587.0,585.150024,586.150024,534.310303,1290939.0
2013-05-27,586.200012,592.650024,585.200012,591.599976,539.27832,1185438.0
2013-05-28,592.0,592.299988,589.049988,591.349976,539.050293,826579.0
2013-05-29,591.599976,594.950012,590.0,594.150024,541.602722,898094.0
2013-05-30,591.099976,596.5,591.099976,595.549988,542.878906,2469202.0
2013-05-31,593.049988,597.849976,591.099976,592.5,540.098755,1683995.0
2013-06-03,588.25,593.849976,588.25,592.099976,539.734009,1389907.0
2013-06-04,591.0,592.950012,590.400024,590.700012,538.457886,1301781.0
2013-06-05,590.75,591.75,589.599976,590.299988,538.093262,1881857.0
2013-06-06,590.299988,591.349976,589.150024,590.849976,538.594543,2907337.0
2013-06-07,590.549988,592.299988,590.549988,591.150024,538.868103,982944.0
2013-06-10,591.099976,594.0,591.099976,592.700012,540.280945,824294.0
2013-06-11,592.200012,594.75,592.0,593.5,541.010193,1117140.0
2013-06-12,594.799988,594.799988,593.099976,593.650024,541.146973,733188.0
2013-06-13,594.0,595.0,592.049988,594.700012,542.104126,1071002.0
2013-06-14,595.0,595.0,592.650024,593.599976,541.10144,1029944.0
2013-06-17,594.150024,597.349976,593.650024,595.900024,543.197876,787063.0
2013-06-18,595.700012,598.049988,593.349976,595.650024,542.970093,1831701.0
2013-06-19,595.0,595.0,593.5,594.75,542.149719,2962206.0
2013-06-20,594.549988,595.0,592.549988,593.299988,540.827881,2592060.0
2013-06-21,593.5,594.349976,589.049988,590.650024,538.412292,6623347.0
2013-06-24,590.049988,591.75,581.549988,583.950012,532.304871,8830754.0
2013-06-25,581.099976,588.900024,581.099976,587.75,535.768738,4177811.0
2013-06-26,586.400024,589.5,585.099976,588.349976,536.315735,4619598.0
2013-06-27,588.599976,590.599976,587.0,588.950012,536.86261,15851546.0
2013-06-28,589.450012,589.450012,584.0,585.150024,533.398743,9787702.0
2013-07-01,584.299988,588.5,583.200012,587.400024,535.449829,7069503.0
2013-07-02,586.5,591.099976,585.099976,587.849976,535.859863,3265981.0
2013-07-03,585.0,596.5,582.599976,587.849976,535.859863,2285572.0
2013-07-04,586.549988,605.400024,583.400024,601.400024,548.211426,4840129.0
2013-07-05,624.0,632.0,605.099976,609.349976,555.458435,4817710.0
2013-07-08,608.0,612.799988,599.0,609.700012,555.777405,1783428.0
2013-07-09,610.450012,611.849976,604.0,604.950012,551.447632,1082343.0
2013-07-10,601.450012,602.650024,591.150024,594.950012,547.764893,2245187.0
2013-07-11,597.900024,603.0,593.75,601.049988,553.38092,1530058.0
2013-07-12,601.0,603.0,590.450012,601.599976,553.887329,1379218.0
2013-07-15,600.0,618.0,598.75,614.200012,565.488159,2644608.0
2013-07-16,612.700012,628.900024,606.0,623.099976,573.682129,2228512.0
2013-07-17,623.049988,699.349976,618.650024,685.049988,630.719116,18748031.0
2013-07-18,685.799988,719.099976,669.400024,688.049988,633.481079,10021074.0
2013-07-19,694.700012,708.799988,678.299988,686.099976,631.685852,8816903.0
2013-07-22,684.700012,701.0,680.400024,697.150024,641.859375,1801410.0
2013-07-23,700.0,722.0,696.849976,718.799988,661.792297,3299142.0
2013-07-24,718.0,725.0,705.25,709.450012,653.18396,3485015.0
2013-07-25,706.0,713.900024,675.099976,687.950012,633.389099,5550291.0
2013-07-26,679.5,681.150024,648.400024,663.700012,611.062378,8739293.0
2013-07-29,660.099976,660.950012,625.099976,638.549988,587.90686,4161171.0
2013-07-30,633.0,635.400024,622.599976,627.0,577.272949,1857276.0
2013-07-31,621.25,625.049988,605.25,612.549988,563.968994,4105005.0
2013-08-01,609.099976,641.400024,608.349976,635.200012,584.822693,2143419.0
2013-08-02,638.0,640.200012,608.349976,615.950012,567.099365,2783404.0
2013-08-05,620.0,627.849976,615.150024,618.799988,569.723267,1410809.0
2013-08-06,618.0,625.150024,605.450012,608.349976,560.102112,1203007.0
2013-08-07,606.549988,611.950012,595.950012,603.200012,555.360596,2424701.0
2013-08-08,603.150024,607.099976,596.099976,600.0,552.414307,1718456.0
2013-08-12,600.0,620.299988,600.0,615.650024,566.823181,1366927.0
2013-08-13,611.0,624.900024,606.400024,621.599976,572.301208,881909.0
2013-08-14,619.0,621.950012,612.299988,616.599976,567.697693,946392.0
2013-08-16,616.599976,618.0,595.0,599.0,551.49353,3009323.0
2013-08-19,597.0,602.5,583.349976,589.299988,542.562805,1650465.0
2013-08-20,585.0,598.0,579.349976,590.599976,543.759827,2575130.0
2013-08-21,595.0,606.849976,583.25,589.400024,542.65509,2540740.0
2013-08-22,587.0,599.349976,578.950012,592.650024,545.647278,1814279.0
2013-08-23,597.5,604.349976,587.099976,601.349976,553.657227,2360748.0
2013-08-26,606.0,616.5,600.099976,608.5,560.240173,1064662.0
2013-08-27,605.0,606.0,586.099976,595.549988,548.317261,2297372.0
2013-08-28,589.0,602.700012,579.549988,594.549988,547.396545,2582899.0
2013-08-29,594.0,611.349976,587.700012,607.0,558.859131,2485894.0
2013-08-30,602.0,638.75,600.299988,631.450012,581.370056,2478561.0
2013-09-02,632.0,647.400024,632.0,641.299988,590.438721,1133123.0
2013-09-03,641.0,644.0,608.099976,613.349976,564.705444,1157960.0
2013-09-04,611.0,624.700012,604.0,616.5,567.605713,959682.0
2013-09-05,618.950012,631.700012,616.200012,628.0,578.193542,725423.0
2013-09-06,629.700012,635.299988,610.0,617.599976,568.618469,1284157.0
2013-09-10,617.599976,659.400024,617.599976,653.5,601.671204,2086680.0
2013-09-11,648.25,652.5,635.150024,643.599976,592.556458,1180964.0
2013-09-12,642.0,644.950012,623.25,626.299988,576.628418,1123281.0
2013-09-13,629.700012,634.950012,620.0,621.75,572.439331,763618.0
2013-09-16,628.049988,638.099976,613.25,620.099976,570.920227,974416.0
2013-09-17,619.0,631.0,615.0,628.650024,578.792114,737567.0
2013-09-18,626.099976,644.799988,624.5,642.200012,591.267456,927405.0
2013-09-19,654.0,685.0,650.950012,677.599976,623.859924,2061482.0
2013-09-20,674.900024,677.599976,639.5,651.049988,599.415466,1951942.0
2013-09-23,644.5,664.75,634.0,642.599976,591.635742,1045119.0
2013-09-24,642.0,656.200012,636.25,643.099976,592.096008,1425200.0
2013-09-25,642.0,649.700012,622.650024,633.599976,583.349487,1684929.0
2013-09-26,636.0,636.049988,621.150024,628.900024,579.022339,2064365.0
2013-09-27,632.0,632.0,616.25,621.0,571.74884,1214348.0
2013-09-30,621.0,631.849976,619.0,627.450012,577.687317,1205277.0
2013-10-01,630.0,631.0,606.950012,619.200012,570.091614,1766671.0
2013-10-03,619.200012,620.0,603.25,609.650024,561.29895,4104263.0
2013-10-04,611.0,613.849976,600.0,606.75,558.629028,3274613.0
2013-10-07,606.849976,614.549988,606.0,611.099976,562.63385,1100167.0
2013-10-08,612.900024,614.799988,606.25,609.650024,561.29895,1201322.0
2013-10-09,605.349976,611.5,605.349976,610.200012,561.805359,1564012.0
2013-10-10,611.0,614.950012,598.299988,601.349976,553.657227,1280329.0
2013-10-11,600.0,605.700012,596.299988,603.900024,556.005127,784119.0
2013-10-14,605.0,609.299988,595.0,596.400024,549.099854,1010949.0
2013-10-15,597.0,604.75,592.25,602.700012,554.900208,1026466.0
2013-10-17,602.700012,617.299988,602.200012,605.0,557.017822,2169271.0
2013-10-18,609.849976,610.0,602.599976,606.099976,558.030579,1538435.0
2013-10-21,606.0,610.5,605.049988,609.0,560.7005,598633.0
2013-10-22,605.0,613.900024,605.0,608.950012,560.65448,901297.0
2013-10-23,606.25,643.900024,599.200012,614.650024,565.902466,5484307.0
2013-10-24,615.0,621.400024,607.0,609.5,561.160889,1471598.0
2013-10-25,605.0,607.700012,592.0,593.950012,546.844238,1885723.0
2013-10-28,604.0,618.650024,586.099976,589.25,542.516846,2756152.0
2013-10-29,589.599976,607.0,589.599976,604.650024,556.695557,1111250.0
2013-10-30,605.700012,614.799988,602.25,613.650024,564.981873,776963.0
2013-10-31,610.150024,614.75,604.099976,609.849976,566.561035,1568688.0
2013-11-01,605.25,615.0,605.25,608.900024,565.678467,636680.0
2013-11-05,608.900024,608.900024,595.0,595.950012,553.647766,754610.0
2013-11-06,592.0,595.200012,586.099976,588.099976,546.354919,895583.0
2013-11-07,590.950012,599.0,585.900024,589.950012,548.073547,703382.0
2013-11-08,591.950012,593.75,583.0,585.150024,543.61438,1157678.0
2013-11-11,587.200012,587.200012,572.700012,575.049988,534.231262,1231490.0
2013-11-12,576.0,579.400024,573.0,574.450012,533.673828,1193468.0
2013-11-13,576.950012,590.849976,572.349976,582.75,541.384705,1279188.0
2013-11-14,586.0,590.450012,578.599976,580.25,539.062195,697871.0
2013-11-18,580.25,599.0,580.25,596.650024,554.298035,1229930.0
2013-11-19,595.0,597.0,590.0,592.25,550.210327,416740.0
2013-11-20,591.0,595.0,580.099976,581.5,540.22345,688203.0
2013-11-21,579.900024,583.5,572.5,574.200012,533.44165,1006746.0
2013-11-22,574.349976,580.0,568.799988,571.599976,531.026062,696111.0
2013-11-25,576.900024,583.799988,571.0,581.0,539.758911,560878.0
2013-11-26,578.349976,595.0,577.700012,588.700012,546.912415,1913588.0
2013-11-27,587.950012,590.0,581.349976,583.75,542.313721,1210047.0
2013-11-28,585.0,592.5,581.900024,589.75,547.887878,1302121.0
2013-11-29,590.0,598.049988,590.0,594.75,552.532898,749207.0
2013-12-02,597.849976,597.849976,580.599976,582.099976,540.780762,1222387.0
2013-12-03,582.0,583.650024,577.650024,579.0,537.900879,904361.0
2013-12-04,578.0,578.900024,570.799988,572.0,531.397766,1511053.0
2013-12-05,574.349976,576.900024,564.0,565.349976,525.219788,1685322.0
2013-12-06,565.700012,571.400024,558.5,559.650024,519.924316,1930183.0
2013-12-09,570.0,570.450012,554.549988,559.75,520.017212,2328730.0
2013-12-10,560.0,569.0,554.650024,563.200012,523.222473,4237317.0
2013-12-11,565.0,569.75,561.299988,565.450012,525.312683,1073885.0
2013-12-12,565.0,568.099976,560.650024,562.75,522.804321,807089.0
2013-12-13,560.950012,563.0,558.0,560.849976,521.039124,803775.0
2013-12-16,562.25,564.0,552.349976,557.200012,517.648254,1176141.0
2013-12-17,557.5,559.799988,554.349976,556.849976,517.32312,1130610.0
2013-12-18,555.25,561.0,552.5,558.049988,518.437927,1029818.0
2013-12-19,560.0,562.900024,551.799988,554.950012,515.558105,870189.0
2013-12-20,554.0,569.75,551.799988,568.700012,528.332092,1130685.0
2013-12-23,567.0,571.049988,564.049988,565.200012,525.080383,497585.0
2013-12-24,566.0,570.0,563.900024,565.099976,524.987488,534468.0
2013-12-26,565.099976,569.5,561.900024,563.599976,523.593994,2061908.0
2013-12-27,563.549988,572.900024,562.0,568.75,528.378479,741157.0
2013-12-30,571.25,576.900024,568.700012,573.349976,532.651917,758816.0
2013-12-31,576.849976,576.849976,568.349976,570.650024,530.143616,382527.0
2014-01-01,570.650024,574.400024,569.299988,572.349976,531.7229,251204.0
2014-01-02,571.0,575.75,558.599976,562.400024,522.479248,531660.0
2014-01-03,560.0,567.400024,558.049988,565.0,524.894592,1018173.0
2014-01-06,567.0,567.799988,560.200012,563.5,523.501099,603727.0
2014-01-07,563.0,565.900024,556.0,558.950012,519.274048,605461.0
2014-01-08,558.0,562.150024,557.0,559.150024,519.459961,564149.0
2014-01-09,560.0,560.0,553.799988,554.150024,514.81488,854783.0
2014-01-10,555.349976,556.950012,548.400024,549.799988,510.773621,985783.0
2014-01-13,550.0,552.0,543.5,545.700012,506.964691,1488598.0
2014-01-14,545.099976,548.900024,537.200012,538.400024,500.1828,925057.0
2014-01-15,538.5,546.200012,538.099976,545.200012,506.500092,2060042.0
2014-01-16,545.0,552.650024,544.25,552.099976,512.910278,1221864.0
2014-01-17,553.0,563.0,552.5,558.900024,519.2276,1475015.0
2014-01-20,559.900024,562.299988,548.299988,555.099976,515.697388,1549558.0
2014-01-21,555.799988,561.0,548.799988,559.799988,520.063721,1927455.0
2014-01-22,561.950012,567.849976,552.900024,566.450012,526.241699,1892894.0
2014-01-23,567.0,570.0,560.150024,567.099976,526.84552,856175.0
2014-01-24,563.0,568.849976,556.599976,565.799988,525.637817,2366263.0
2014-01-27,563.400024,584.900024,555.099976,575.25,534.417114,3220246.0
2014-01-28,581.0,581.650024,554.5,569.700012,529.261047,4204432.0
2014-01-29,569.0,574.799988,563.549988,569.599976,529.168091,1073771.0
2014-01-30,563.549988,572.799988,559.700012,570.400024,529.911377,1287033.0
2014-01-31,569.0,573.799988,565.0,570.099976,529.632629,1059275.0
2014-02-03,569.099976,574.25,564.799988,569.75,529.307556,747170.0
2014-02-04,568.099976,573.200012,565.299988,570.25,529.771912,1891501.0
2014-02-05,570.049988,571.200012,561.599976,570.0,529.539673,2423902.0
2014-02-06,570.0,588.200012,568.299988,586.549988,544.914856,1720369.0
2014-02-07,587.400024,589.650024,574.950012,577.650024,536.646729,927008.0
2014-02-10,575.650024,579.75,562.650024,564.0,523.965698,1255220.0
2014-02-11,565.0,569.349976,561.799988,562.450012,522.525696,1580976.0
2014-02-12,564.849976,570.349976,563.400024,569.450012,529.028809,1646508.0
2014-02-13,572.0,572.0,555.549988,557.25,517.694824,486480.0
2014-02-14,557.0,563.450012,553.299988,560.25,520.481812,749383.0
2014-02-17,558.0,566.0,558.0,560.25,520.481812,380480.0
2014-02-18,560.0,566.0,559.950012,562.25,522.339905,237065.0
2014-02-19,562.5,562.849976,557.150024,558.700012,519.041809,456096.0
2014-02-20,558.099976,558.900024,553.099976,554.049988,514.721924,651988.0
2014-02-21,557.400024,557.400024,551.849976,555.349976,515.929565,669715.0
2014-02-24,555.25,557.700012,553.200012,554.900024,515.511597,540669.0
2014-02-25,555.5,556.900024,553.0,554.450012,515.093506,541460.0
2014-02-26,554.0,559.5,553.200012,554.75,515.372192,1012749.0
2014-02-28,554.75,556.0,542.349976,549.25,510.262634,1797780.0
2014-03-03,550.0,550.950012,542.0,543.200012,504.64212,608894.0
2014-03-04,544.0,556.0,544.0,554.900024,515.511597,734703.0
2014-03-05,555.599976,559.0,549.75,551.200012,512.07428,621406.0
2014-03-06,552.599976,554.549988,547.400024,549.049988,510.076904,1020063.0
2014-03-07,550.5,554.450012,547.200012,550.400024,511.331024,1001114.0
2014-03-10,552.0,559.799988,548.75,557.200012,517.648254,1663986.0
2014-03-11,558.799988,564.900024,552.650024,560.349976,520.574768,1920661.0
2014-03-12,564.0,565.599976,558.0,560.25,520.481812,971639.0
2014-03-13,561.0,567.200012,559.25,561.849976,521.968201,1055369.0
2014-03-14,561.849976,562.0,551.549988,553.650024,514.350403,1243425.0
2014-03-18,553.650024,560.0,550.599976,556.049988,516.579956,1464949.0
2014-03-19,558.099976,562.099976,554.650024,561.599976,521.735962,1164209.0
2014-03-20,561.599976,574.299988,561.549988,572.549988,531.90863,1434348.0
2014-03-21,577.700012,580.700012,570.099976,571.700012,531.118958,2669144.0
2014-03-24,575.0,584.0,574.150024,582.349976,541.013,944114.0
2014-03-25,583.0,594.400024,577.5,592.75,550.674866,1319832.0
2014-03-26,593.0,599.400024,588.349976,591.549988,549.560059,1208051.0
2014-03-27,592.0,603.0,590.049988,599.799988,557.224426,2475382.0
2014-03-28,600.099976,604.0,590.299988,599.799988,557.224426,949077.0
2014-03-31,600.0,608.849976,595.0,605.549988,562.566223,1090563.0
2014-04-01,605.0,607.950012,595.349976,601.75,559.03595,716986.0
2014-04-02,604.0,605.900024,588.0,594.599976,552.393494,2765610.0
2014-04-03,590.349976,612.0,590.349976,606.299988,563.263184,736770.0
2014-04-04,611.0,613.5,602.5,605.299988,562.333984,877772.0
2014-04-07,605.299988,609.049988,596.049988,604.799988,561.869446,1601644.0
2014-04-09,604.799988,611.5,599.549988,609.099976,565.864258,774135.0
2014-04-10,607.900024,619.799988,604.450012,617.900024,574.039612,1164071.0
2014-04-11,613.0,619.5,606.25,609.400024,566.143066,713696.0
2014-04-15,609.400024,614.700012,594.150024,612.150024,568.697815,938013.0
2014-04-16,610.0,619.200012,606.0,607.549988,564.424255,1340297.0
2014-04-17,607.150024,613.849976,601.549988,609.450012,566.189514,1052882.0
2014-04-21,609.450012,610.900024,596.5,599.099976,556.574097,1190995.0
2014-04-22,599.0,604.0,593.549988,596.450012,554.112183,871928.0
2014-04-23,596.450012,599.099976,593.0,595.5,553.229675,1408755.0
2014-04-24,595.5,595.5,595.5,595.5,553.229675,0.0
2014-04-25,592.349976,598.950012,577.599976,580.900024,539.665955,973004.0
2014-04-28,580.900024,592.0,567.5,581.0,539.758911,2948014.0
2014-04-29,581.0,582.099976,560.599976,562.450012,522.525696,1464745.0
2014-04-30,560.299988,572.150024,556.0,567.5,527.217102,1680382.0
2014-05-02,567.5,575.599976,561.200012,562.150024,522.246948,665237.0
2014-05-05,560.349976,562.349976,556.5,557.150024,517.601868,683052.0
2014-05-06,559.0,561.799988,552.799988,553.700012,514.396729,550299.0
2014-05-07,553.0,558.450012,551.450012,553.150024,513.885742,1299628.0
2014-05-08,552.0,558.900024,551.0,552.299988,513.096069,885656.0
2014-05-09,552.0,560.0,550.25,556.299988,516.812195,1133925.0
2014-05-12,555.549988,573.0,555.549988,571.5,530.933289,852578.0
2014-05-13,574.0,579.900024,569.0,577.599976,536.600159,1328341.0
2014-05-14,579.5,581.900024,575.0,577.5,536.507385,660415.0
2014-05-15,577.5,590.200012,577.5,588.950012,547.144653,1239775.0
2014-05-16,599.849976,608.0,574.099976,580.700012,539.480164,2603086.0
2014-05-19,594.0,594.0,551.549988,555.799988,516.347717,2026178.0
2014-05-20,556.0,569.950012,555.049988,562.599976,522.665039,1281049.0
2014-05-21,565.400024,565.400024,557.700012,561.349976,521.503662,923443.0
2014-05-22,566.0,566.0,560.0,562.900024,522.943665,963817.0
2014-05-23,564.0,570.349976,559.0,561.5,521.643127,1759792.0
2014-05-26,562.099976,564.849976,556.0,559.849976,520.110229,1826156.0
2014-05-27,557.349976,562.75,557.349976,560.150024,520.388916,1168048.0
2014-05-28,560.5,564.5,558.0,561.900024,522.014709,1122941.0
2014-05-29,561.0,564.5,555.0,556.450012,516.951538,2153741.0
2014-05-30,555.549988,615.0,553.349976,603.349976,560.5224,10941938.0
2014-06-02,612.0,612.0,588.349976,601.0,558.339233,1608573.0
2014-06-03,602.950012,605.450012,590.099976,593.450012,551.325195,909772.0
2014-06-04,594.950012,609.5,591.099976,604.950012,562.00885,1968687.0
2014-06-05,606.0,637.900024,605.950012,630.099976,585.373596,3424990.0
2014-06-06,637.0,645.950012,620.200012,639.950012,594.524414,2497145.0
2014-06-09,637.0,644.0,629.349976,632.700012,587.789185,962350.0
2014-06-10,631.0,643.900024,627.0,640.25,594.803223,1302795.0
2014-06-11,640.0,640.900024,619.349976,625.849976,588.316895,1343543.0
2014-06-12,627.799988,632.099976,619.0,630.099976,592.312012,786932.0
2014-06-13,631.75,640.849976,623.599976,634.950012,596.871216,992552.0
2014-06-16,640.0,641.0,631.049988,634.75,596.683167,1144913.0
2014-06-17,632.150024,634.400024,626.450012,630.349976,592.546997,742699.0
2014-06-18,630.5,632.549988,617.299988,618.849976,581.736755,804157.0
2014-06-19,622.0,629.299988,619.0,625.75,588.222961,848937.0
2014-06-20,622.0,629.950012,620.049988,624.299988,586.859924,1093696.0
2014-06-23,625.049988,626.0,610.799988,617.650024,580.608704,796813.0
2014-06-24,617.200012,624.0,613.450012,616.25,579.292603,634721.0
2014-06-25,616.0,626.900024,612.349976,625.299988,587.799927,584342.0
2014-06-26,627.0,629.0,612.5,618.650024,581.548767,1605621.0
2014-06-27,617.099976,621.700012,612.0,616.400024,579.433777,805135.0
2014-06-30,618.0,623.900024,617.099976,620.349976,583.14679,732790.0
2014-07-01,622.0,634.400024,616.549988,628.849976,591.137085,650958.0
2014-07-02,633.799988,633.799988,626.049988,631.150024,593.299072,777572.0
2014-07-03,631.150024,631.700012,621.099976,624.099976,586.671875,607875.0
2014-07-04,624.099976,629.900024,618.349976,625.150024,587.658997,687234.0
2014-07-07,626.0,630.0,618.400024,627.599976,589.961975,1083261.0
2014-07-08,627.0,633.5,622.0,627.349976,589.727051,1082625.0
2014-07-09,629.950012,634.700012,625.0,629.849976,592.077087,942571.0
2014-07-10,628.049988,638.0,615.049988,631.849976,593.957153,1090386.0
2014-07-11,627.0,646.849976,625.0,641.849976,603.357483,1918406.0
2014-07-14,644.0,644.599976,620.400024,622.950012,585.590942,672948.0
2014-07-15,623.25,628.799988,616.400024,618.900024,581.783752,649427.0
2014-07-16,623.700012,627.849976,617.5,621.299988,584.039856,878909.0
2014-07-17,622.950012,627.900024,620.200012,626.849976,589.256958,418199.0
2014-07-18,625.5,625.5,621.0,622.5,585.167786,352617.0
2014-07-21,623.400024,630.0,620.049988,627.549988,589.914978,385658.0
2014-07-22,626.150024,636.950012,626.150024,633.599976,595.602173,636191.0
2014-07-23,636.900024,637.400024,631.099976,634.099976,596.072266,494833.0
2014-07-24,635.0,644.75,631.099976,642.900024,604.344543,731990.0
2014-07-25,642.900024,667.0,640.0,663.75,623.944031,1747468.0
2014-07-28,663.950012,691.700012,654.349976,686.799988,645.611694,3856792.0
2014-07-30,686.799988,701.299988,671.849976,694.650024,652.990906,3684780.0
2014-07-31,690.049988,697.549988,680.0,686.599976,645.423706,2494692.0
2014-08-01,678.0,702.0,678.0,693.549988,651.956787,1905650.0
2014-08-04,697.0,705.900024,693.25,699.650024,657.691101,1290311.0
2014-08-05,699.0,709.599976,697.799988,704.849976,662.579163,863275.0
2014-08-06,703.049988,732.0,703.049988,707.849976,665.399292,2052184.0
2014-08-07,707.0,708.200012,699.299988,701.950012,659.85321,634909.0
2014-08-08,699.049988,703.5,695.950012,702.049988,659.947205,747151.0
2014-08-11,702.099976,706.0,694.299988,697.950012,656.093079,872217.0
2014-08-12,702.900024,702.900024,692.5,700.900024,658.866089,811743.0
2014-08-13,700.950012,721.700012,700.0,718.700012,675.598633,1673439.0
2014-08-14,722.0,725.950012,709.349976,714.549988,671.697632,845235.0
2014-08-18,714.549988,736.799988,714.549988,724.799988,681.332825,959536.0
2014-08-19,719.099976,731.0,715.099976,719.549988,676.397644,735686.0
2014-08-20,719.5,721.0,709.5,711.849976,669.159363,765917.0
2014-08-21,709.799988,718.599976,709.049988,710.349976,667.74939,553719.0
2014-08-22,711.950012,712.799988,701.349976,704.200012,661.968201,455143.0
2014-08-25,708.200012,721.450012,704.200012,716.700012,673.718628,641018.0
2014-08-26,718.950012,730.849976,717.650024,727.349976,683.729919,1238950.0
2014-08-27,727.0,739.549988,723.400024,734.849976,690.78009,1153834.0
2014-08-28,736.0,744.900024,734.049988,742.450012,697.924377,1937220.0
2014-09-01,742.450012,747.25,736.0,740.400024,695.997253,515912.0
2014-09-02,740.0,740.150024,730.0,732.700012,688.759033,598031.0
2014-09-03,733.5,738.900024,730.25,732.799988,688.853088,814185.0
2014-09-04,733.0,742.849976,730.5,737.099976,692.895142,1005897.0
2014-09-05,736.400024,742.200012,732.849976,733.75,689.746155,692424.0
2014-09-08,736.0,748.950012,733.75,745.799988,701.073364,978707.0
2014-09-09,745.799988,756.099976,744.049988,751.900024,706.807617,726165.0
2014-09-10,749.400024,753.0,746.0,749.099976,704.175537,437341.0
2014-09-11,748.0,764.450012,748.0,755.599976,710.285645,1149885.0
2014-09-12,752.900024,762.900024,752.900024,757.5,712.071655,479493.0
2014-09-15,757.5,757.5,748.5,754.849976,709.58075,473333.0
2014-09-16,750.599976,759.799988,748.75,756.0,710.661682,563960.0
2014-09-17,759.0,760.849976,752.75,754.650024,709.3927,1071944.0
2014-09-18,753.0,754.400024,739.450012,749.650024,704.692566,1837614.0
2014-09-19,750.799988,751.400024,730.049988,737.25,693.036194,1576310.0
2014-09-22,737.0,746.049988,721.849976,741.700012,697.219299,1225660.0
2014-09-23,741.0,755.0,736.150024,742.049988,697.548279,934119.0
2014-09-24,743.0,766.799988,743.0,764.099976,718.275879,1117480.0
2014-09-25,767.950012,771.900024,756.150024,759.349976,713.810791,1192497.0
2014-09-26,758.150024,759.900024,745.25,751.450012,706.384583,759343.0
2014-09-29,750.0,753.0,735.5,746.5,701.731445,733781.0
2014-09-30,746.0,751.799988,740.0,746.0,701.261414,1063690.0
2014-10-01,745.0,748.75,733.549988,736.150024,692.002197,478021.0
2014-10-07,736.150024,744.650024,725.0,735.799988,691.673218,801424.0
2014-10-08,732.049988,744.0,728.400024,734.75,690.686096,951087.0
2014-10-09,735.0,743.950012,729.5,739.099976,694.775146,622940.0
2014-10-10,734.349976,736.799988,718.650024,720.349976,677.149658,503359.0
2014-10-13,718.0,724.799988,714.200012,720.400024,677.196716,495344.0
2014-10-14,720.549988,736.0,716.599976,731.25,687.395935,553144.0
2014-10-15,731.25,731.25,731.25,731.25,687.395935,0.0
2014-10-16,726.049988,745.599976,725.0,730.599976,686.784973,1241581.0
2014-10-17,732.0,740.950012,723.0,726.299988,682.742859,680260.0
2014-10-20,732.0,739.400024,728.049988,736.549988,692.378113,453075.0
2014-10-21,738.5,754.0,730.849976,749.75,704.786499,554039.0
2014-10-22,753.900024,760.0,748.049988,757.400024,711.977844,436776.0
2014-10-27,757.0,766.049988,715.5,720.450012,677.243713,3039315.0
2014-10-28,716.0,719.299988,707.150024,717.049988,674.047607,1254748.0
2014-10-29,722.0,726.950012,712.799988,723.950012,680.533813,962919.0
2014-10-30,722.0,734.849976,717.650024,731.599976,687.724976,1249596.0
2014-10-31,728.700012,742.0,722.099976,738.349976,699.809509,1083674.0
2014-11-03,735.049988,743.0,728.75,739.849976,701.231079,733227.0
2014-11-05,739.849976,750.0,738.099976,747.75,708.71875,746808.0
2014-11-07,747.75,763.450012,747.25,761.5,721.751038,881926.0
2014-11-10,760.0,774.0,759.950012,771.0,730.755188,768076.0
2014-11-11,773.0,776.75,764.799988,772.299988,731.987305,713634.0
2014-11-12,772.0,772.900024,763.5,770.0,729.807373,750579.0
2014-11-13,768.0,773.849976,761.25,764.349976,724.452209,1157538.0
2014-11-14,763.0,763.950012,753.549988,756.150024,716.680298,409119.0
2014-11-17,756.150024,765.299988,750.0,757.200012,717.675537,586703.0
2014-11-18,755.200012,758.950012,750.0,751.849976,712.604797,448206.0
2014-11-19,754.400024,766.799988,752.200012,760.200012,720.518921,941820.0
2014-11-20,761.400024,765.0,755.099976,761.25,721.51416,853211.0
2014-11-21,759.0,762.700012,751.849976,753.0,713.694763,687247.0
2014-11-24,755.5,756.5,746.0,750.099976,710.946106,540115.0
2014-11-25,750.099976,774.900024,747.099976,765.700012,725.731873,1503248.0
2014-11-26,765.0,771.75,762.5,769.75,729.570496,685238.0
2014-11-27,771.0,792.700012,766.799988,790.049988,748.810852,1180496.0
2014-11-28,794.0,798.849976,783.099976,786.099976,745.066895,811909.0
2014-12-01,786.0,814.849976,783.950012,808.650024,766.439941,1200960.0
2014-12-02,811.5,817.150024,804.25,805.799988,763.738647,573874.0
2014-12-03,807.400024,822.299988,802.349976,819.0,776.249695,937567.0
2014-12-04,816.5,829.75,814.349976,824.650024,781.604797,1121315.0
2014-12-05,820.0,827.5,812.700012,820.650024,777.813538,688493.0
2014-12-08,820.0,828.450012,814.25,820.0,777.197449,1016796.0
2014-12-09,819.0,819.5,810.049988,812.950012,770.515503,945417.0
2014-12-10,811.150024,815.400024,795.099976,797.799988,756.15625,1152293.0
2014-12-11,799.349976,803.0,790.349976,796.049988,754.49762,1573622.0
2014-12-12,798.400024,804.299988,794.0,797.75,756.108887,767757.0
2014-12-15,795.0,808.849976,784.650024,790.099976,748.858215,704516.0
2014-12-16,792.400024,792.400024,763.0,766.650024,726.632263,1179886.0
2014-12-17,760.25,773.049988,760.25,766.349976,726.3479,1984735.0
2014-12-18,767.200012,770.0,753.049988,765.950012,725.968811,1165188.0
2014-12-19,771.0,771.0,750.0,755.150024,715.732544,1147950.0
2014-12-22,758.799988,769.900024,752.299988,767.849976,727.769592,958306.0
2014-12-23,769.0,770.799988,761.150024,766.099976,726.110901,1277960.0
2014-12-24,763.200012,767.099976,752.0,757.0,717.485962,2527523.0
2014-12-26,757.0,757.0,744.5,750.349976,711.183044,625243.0
2014-12-29,753.400024,763.25,752.150024,758.849976,719.23938,616322.0
2014-12-30,761.900024,767.25,758.0,759.5,719.855408,397534.0
2014-12-31,760.900024,763.400024,753.299988,760.099976,720.424133,1044950.0
2015-01-01,759.299988,761.900024,754.150024,758.450012,718.860352,372132.0
2015-01-02,757.0,766.0,752.650024,755.950012,716.490784,1207322.0
2015-01-05,759.75,761.900024,755.099976,760.299988,720.613708,849252.0
2015-01-06,767.0,779.900024,755.400024,774.700012,734.262085,2738679.0
2015-01-07,779.0,806.799988,779.0,801.900024,760.042297,3744143.0
2015-01-08,803.900024,825.0,803.150024,817.049988,774.401489,3076833.0
2015-01-09,818.5,868.400024,817.049988,864.599976,819.469421,3825060.0
2015-01-12,867.5,899.799988,864.25,896.599976,849.799011,4338065.0
2015-01-13,899.950012,908.650024,876.400024,884.549988,838.378052,3371700.0
2015-01-14,888.799988,934.5,886.0,924.049988,875.816223,4578199.0
2015-01-15,934.950012,937.400024,909.700012,921.549988,873.446716,3534537.0
2015-01-16,928.0,947.0,925.0,941.049988,891.928833,2021113.0
2015-01-19,946.299988,947.400024,886.049988,892.549988,845.960388,7705398.0
2015-01-20,889.900024,903.0,877.75,895.450012,848.709167,4355821.0
2015-01-21,897.0,948.400024,888.5,941.950012,892.781921,4103989.0
2015-01-22,944.0,961.299988,931.299988,944.650024,895.340942,3585572.0
2015-01-23,947.0,968.849976,944.650024,965.299988,914.913025,2450001.0
2015-01-27,965.299988,967.900024,936.599976,941.950012,892.781921,3274894.0
2015-01-28,938.0,940.799988,928.150024,933.849976,885.104736,2246526.0
2015-01-29,931.0,948.0,926.400024,941.599976,892.450134,3421454.0
2015-01-30,941.0,941.0,927.799988,932.549988,883.87262,1562161.0
2015-02-02,926.349976,929.950012,904.799988,908.0,860.604004,1822825.0
2015-02-03,910.200012,930.849976,908.0,910.849976,863.305176,1544881.0
2015-02-04,910.900024,919.799988,895.099976,899.900024,852.926941,1181845.0
2015-02-05,907.299988,919.799988,901.200012,909.049988,861.599182,1711139.0
2015-02-06,906.0,915.849976,899.400024,905.75,858.471497,717674.0
2015-02-09,905.75,914.599976,895.900024,900.150024,853.163757,860239.0
2015-02-10,895.0,907.5,885.400024,887.75,841.411072,1058750.0
2015-02-11,890.349976,902.950012,884.599976,900.299988,853.305908,897359.0
2015-02-12,905.0,910.799988,885.299988,887.799988,841.458374,1121008.0
2015-02-13,892.400024,898.799988,885.200012,892.799988,846.197327,1344229.0
2015-02-16,886.349976,920.0,886.349976,907.0,859.65625,1635273.0
2015-02-18,907.0,923.349976,902.0,912.900024,865.24823,2178775.0
2015-02-19,919.950012,922.799988,895.0,908.150024,860.746277,1034454.0
2015-02-20,905.5,909.700012,899.0,900.25,853.258667,623253.0
2015-02-23,903.0,913.849976,883.049988,886.150024,839.894592,1054383.0
2015-02-24,889.0,915.599976,887.0,913.700012,866.006531,2100402.0
2015-02-25,916.5,917.5,894.0,901.900024,854.822449,1141174.0
2015-02-26,905.700012,905.700012,883.799988,886.400024,840.13147,1194401.0
2015-02-27,889.799988,893.0,880.400024,887.150024,840.842468,1906598.0
2015-03-02,914.0,939.950012,906.099976,935.650024,886.81073,2792110.0
2015-03-03,939.900024,939.900024,923.25,929.700012,881.171326,1510436.0
2015-03-04,931.099976,945.299988,913.0,916.099976,868.28125,1202376.0
2015-03-05,913.450012,946.349976,913.450012,939.700012,890.649353,2301603.0
2015-03-09,939.700012,981.0,931.0,976.0,925.054565,3529726.0
2015-03-10,978.299988,978.650024,951.049988,957.150024,907.188477,1323330.0
2015-03-11,957.150024,978.900024,949.450012,968.900024,918.325195,1742798.0
2015-03-12,968.0,972.799988,955.599976,960.549988,910.411011,1358419.0
2015-03-13,963.700012,964.900024,938.950012,941.700012,892.544983,1466001.0
2015-03-16,939.450012,957.25,902.5,931.75,883.114258,1244490.0
2015-03-17,934.950012,946.799988,921.400024,931.799988,883.161682,1239535.0
2015-03-18,932.400024,937.25,911.5,922.099976,873.968079,1436285.0
2015-03-19,931.0,940.799988,916.650024,922.650024,874.489319,1249067.0
2015-03-20,922.0,922.0,892.0,895.75,848.993469,1854369.0
2015-03-23,899.700012,910.0,892.349976,902.400024,855.296448,989354.0
2015-03-24,896.200012,901.150024,885.349976,887.200012,840.889709,1288989.0
2015-03-25,889.75,897.599976,883.0,886.400024,840.13147,2848966.0
2015-03-26,884.849976,885.0,858.200012,865.900024,820.70166,2570353.0
2015-03-27,870.5,870.900024,848.950012,851.299988,806.863647,2023538.0
2015-03-30,857.950012,871.0,852.0,862.049988,817.052551,1415143.0
2015-03-31,862.950012,884.0,858.0,873.549988,827.952271,1503993.0
2015-04-01,873.5,885.799988,871.5,883.5,837.382874,865861.0
2015-04-06,883.5,910.799988,882.5,907.950012,860.556641,1482378.0
2015-04-07,911.349976,919.049988,897.599976,913.450012,865.769531,1212932.0
2015-04-08,914.900024,921.650024,909.400024,912.549988,864.916443,1296825.0
2015-04-09,913.900024,932.0,913.599976,926.450012,878.091003,1237632.0
2015-04-10,929.900024,935.799988,916.349976,933.799988,885.057312,1161659.0
2015-04-13,931.349976,950.950012,928.0,949.150024,899.60614,1374251.0
2015-04-15,949.150024,949.150024,933.0,934.700012,885.910339,924855.0
2015-04-16,932.5,937.799988,918.099976,933.099976,884.39386,1071747.0
2015-04-17,936.700012,944.200012,928.849976,937.650024,888.706421,764984.0
2015-04-20,938.400024,940.75,905.599976,913.450012,865.769531,879556.0
2015-04-21,914.049988,919.849976,870.349976,873.099976,827.525696,2535704.0
2015-04-22,887.450012,913.0,875.0,907.150024,859.798462,2106687.0
2015-04-23,911.0,922.0,892.799988,902.650024,855.533325,1027886.0
2015-04-24,903.950012,903.950012,873.75,889.5,843.069763,1122637.0
2015-04-27,885.0,901.799988,860.25,866.650024,821.412415,945769.0
2015-04-28,863.349976,873.900024,851.5,860.599976,815.678162,1844291.0
2015-04-29,860.400024,875.0,852.150024,857.700012,812.929565,1323821.0
2015-04-30,857.25,859.450012,832.200012,850.349976,805.963257,3001302.0
2015-05-04,850.349976,865.700012,844.150024,861.75,816.768188,558193.0
2015-05-05,858.0,883.400024,854.0,879.049988,833.1651,1663346.0
2015-05-06,879.0,879.0,850.099976,858.200012,813.403503,1989322.0
2015-05-07,860.0,871.75,853.700012,866.25,821.033325,982642.0
2015-05-08,875.700012,907.049988,854.5,895.200012,848.472168,5244650.0
2015-05-11,899.799988,901.0,862.200012,864.700012,819.56427,2712131.0
2015-05-12,867.0,873.549988,841.650024,843.950012,799.897339,1837756.0
2015-05-13,850.099976,855.650024,827.099976,841.049988,797.148682,1842567.0
2015-05-14,842.799988,850.849976,831.0,846.450012,802.266846,1458520.0
2015-05-15,848.0,852.299988,840.099976,844.799988,800.702942,861417.0
2015-05-18,848.0,854.900024,837.5,852.700012,808.190613,794940.0
2015-05-19,852.400024,855.849976,841.25,844.75,800.655579,1115144.0
2015-05-20,847.200012,858.150024,846.0,855.599976,810.939148,1051609.0
2015-05-21,856.400024,865.900024,848.049988,864.349976,819.232483,998351.0
2015-05-22,867.450012,868.849976,853.950012,863.75,818.663757,1369038.0
2015-05-25,864.950012,864.950012,847.549988,852.450012,807.953674,642231.0
2015-05-26,855.0,858.150024,845.950012,855.349976,810.702332,732655.0
2015-05-27,855.5,860.0,845.700012,857.700012,812.929565,530542.0
2015-05-28,858.700012,860.0,842.349976,846.200012,802.029907,2062630.0
2015-05-29,847.5,860.700012,843.099976,859.549988,814.683044,3787109.0
2015-06-01,859.549988,883.5,852.450012,880.799988,834.823792,950336.0
2015-06-02,884.0,884.650024,850.900024,852.75,808.237976,928603.0
2015-06-03,853.0,854.700012,828.599976,831.450012,788.049805,1074518.0
2015-06-04,833.5,835.0,820.049988,822.650024,779.709167,1273078.0
2015-06-05,821.599976,847.299988,816.349976,829.099976,785.82251,1564172.0
2015-06-08,828.0,829.0,809.0,812.25,769.85199,1108643.0
2015-06-09,807.0,828.549988,806.099976,819.75,776.96051,769058.0
2015-06-10,818.25,825.0,814.0,820.450012,777.623901,959272.0
2015-06-11,820.0,836.5,816.0,816.700012,774.069763,1263695.0
2015-06-12,813.349976,821.5,810.849976,814.5,771.984436,833644.0
2015-06-15,814.0,827.450012,808.450012,821.75,778.85614,626620.0
2015-06-16,818.099976,839.349976,817.299988,834.950012,791.367126,864766.0
2015-06-17,840.0,868.849976,840.0,862.049988,817.052551,2574818.0
2015-06-18,862.0,868.0,857.099976,862.599976,817.573792,1234051.0
2015-06-19,851.099976,864.900024,844.849976,857.700012,821.500732,1376406.0
2015-06-22,863.900024,876.0,858.450012,873.450012,836.58606,1039509.0
2015-06-23,878.0,879.799988,871.349976,875.700012,838.74115,741773.0
2015-06-24,877.5,908.900024,877.0,896.549988,858.711121,1812148.0
2015-06-25,888.549988,897.900024,879.099976,883.25,845.972351,1257404.0
2015-06-26,884.0,891.400024,875.0,887.950012,850.474121,758668.0
2015-06-29,872.0,905.0,868.349976,900.400024,862.398682,1221747.0
2015-06-30,907.0,923.099976,906.0,916.700012,878.010681,2318253.0
2015-07-01,916.700012,926.0,912.0,918.299988,879.543152,1456248.0
2015-07-02,919.799988,929.200012,912.0,923.450012,884.47583,962649.0
2015-07-03,922.0,929.5,917.049988,924.5,885.481506,512931.0
2015-07-06,917.0,930.0,914.650024,927.450012,888.307007,595187.0
2015-07-07,921.599976,927.400024,915.599976,924.349976,885.337769,715696.0
2015-07-08,920.0,944.0,918.099976,927.650024,888.498596,1791894.0
2015-07-09,927.650024,934.799988,912.400024,921.549988,882.655945,1153644.0
2015-07-10,924.5,924.5,891.299988,900.25,862.255005,2198242.0
2015-07-13,900.799988,914.5,890.5,910.700012,872.263916,1103160.0
2015-07-14,910.5,929.099976,902.799988,927.299988,888.163269,662369.0
2015-07-15,927.0,935.0,920.349976,929.0,889.791565,980533.0
2015-07-16,930.0,939.5,923.25,936.849976,897.310242,667588.0
2015-07-17,937.049988,941.950012,922.25,924.299988,885.289917,848156.0
2015-07-20,924.0,931.5,909.049988,913.099976,874.562561,738505.0
2015-07-21,915.0,916.849976,871.099976,891.299988,853.682739,4915170.0
2015-07-22,894.0,923.0,891.150024,920.5,881.65033,1433553.0
2015-07-23,919.0,919.0,895.200012,904.25,866.086182,1049783.0
2015-07-24,905.0,911.450012,897.599976,906.799988,868.528564,624104.0
2015-07-27,906.0,910.150024,895.0,900.099976,862.111206,1305606.0
2015-07-28,893.25,916.0,891.5,904.75,866.565002,1648693.0
2015-07-29,906.150024,919.049988,897.0,899.200012,861.24939,1332413.0
2015-07-30,905.0,934.450012,899.200012,920.700012,881.841858,1997547.0
2015-07-31,920.299988,928.200012,913.200012,921.650024,882.751831,1616033.0
2015-08-03,921.0,924.799988,906.5,909.700012,871.306152,1813626.0
2015-08-04,910.5,914.450012,900.049988,908.099976,869.773621,2728548.0
2015-08-05,910.700012,912.849976,905.0,908.599976,870.252563,2869226.0
2015-08-06,910.0,910.400024,902.549988,907.75,869.438416,1105175.0
2015-08-07,907.75,909.049988,900.900024,904.849976,866.660828,849340.0
2015-08-10,905.0,909.0,901.0,906.150024,867.906006,1089645.0
2015-08-11,903.0,905.849976,885.0,888.200012,850.713562,1430428.0
2015-08-12,889.0,889.0,859.599976,866.349976,829.785645,1406250.0
2015-08-13,866.0,879.0,850.0,866.549988,829.977234,976700.0
2015-08-14,871.0,879.0,857.5,870.549988,833.808472,742844.0
2015-08-17,874.450012,879.0,860.0,872.650024,835.819885,373170.0
2015-08-18,872.0,877.849976,868.049988,872.849976,836.011353,606035.0
2015-08-19,869.349976,885.25,861.400024,876.200012,839.219971,548163.0
2015-08-20,870.0,901.849976,867.0,872.049988,835.245117,1086427.0
2015-08-21,867.0,888.0,860.950012,884.150024,846.834473,1428246.0
2015-08-24,865.349976,880.0,844.950012,851.150024,815.227295,2392818.0
2015-08-25,861.0,878.0,855.099976,865.950012,829.402527,2303018.0
2015-08-26,866.25,868.549988,850.0,855.0,818.914734,1894521.0
2015-08-27,860.650024,864.450012,851.0,857.799988,821.596558,2087603.0
2015-08-28,870.0,870.5,852.0,854.5,818.435791,1427528.0
2015-08-31,862.900024,870.0,848.799988,860.900024,824.565796,1990625.0
2015-09-01,855.0,861.349976,848.349976,853.75,817.717468,1483369.0
2015-09-02,857.0,862.400024,824.200012,830.599976,795.544495,1463479.0
2015-09-03,830.5,841.75,815.099976,833.75,798.561523,1228866.0
2015-09-04,831.349976,840.75,823.200012,830.0,794.969788,1332041.0
2015-09-07,831.0,834.0,817.400024,819.849976,785.24823,868619.0
2015-09-08,827.799988,827.799988,785.0,801.099976,767.289612,2511604.0
2015-09-09,806.0,812.450012,790.900024,803.049988,769.157227,1519952.0
2015-09-10,801.0,801.0,777.599976,790.150024,756.801758,2651147.0
2015-09-11,792.0,799.700012,784.049988,795.25,761.686462,1368043.0
2015-09-14,800.900024,800.900024,788.099976,794.75,761.207581,1115042.0
2015-09-15,794.75,808.650024,791.150024,804.599976,770.641846,1239118.0
2015-09-16,811.0,811.799988,796.75,806.849976,772.796875,1000450.0
2015-09-18,806.849976,816.799988,793.0,797.849976,764.176697,3196079.0
2015-09-21,795.0,799.900024,788.400024,790.700012,757.32843,1097798.0
2015-09-22,792.0,796.849976,783.200012,785.900024,752.73114,1900127.0
2015-09-23,788.799988,789.400024,780.150024,785.0,751.869141,1108731.0
2015-09-24,789.0,789.0,776.25,781.700012,748.708374,2627897.0
2015-09-28,781.700012,802.5,780.799988,790.650024,757.280579,1121534.0
2015-09-29,782.599976,801.0,781.349976,784.349976,751.24646,2377821.0
2015-09-30,799.799988,818.0,787.0,814.75,780.363464,2321962.0
2015-10-01,817.799988,827.25,811.200012,816.400024,781.943848,903859.0
2015-10-05,816.400024,824.0,801.0,809.799988,775.622375,1344972.0
2015-10-06,816.950012,832.0,811.900024,829.299988,794.299377,1470601.0
2015-10-07,818.0,828.0,816.0,823.549988,788.792114,1126929.0
2015-10-08,827.0,831.950012,817.5,821.900024,787.211731,673062.0
2015-10-09,826.0,830.400024,810.0,818.0,783.476318,740404.0
2015-10-12,819.0,822.5,807.349976,814.849976,780.459229,760378.0
2015-10-13,817.0,819.0,805.799988,812.900024,778.591553,860797.0
2015-10-14,814.049988,815.0,787.0,797.200012,763.554138,3479601.0
2015-10-15,783.0,801.0,769.0,791.549988,758.142639,4110634.0
2015-10-16,788.0,790.900024,782.0,785.0,751.869141,2121262.0
2015-10-19,784.900024,796.950012,778.0,793.900024,766.74231,1733760.0
2015-10-20,797.450012,797.450012,783.0,787.099976,760.174866,1428531.0
2015-10-21,788.0,794.450012,787.0,790.349976,763.31366,879891.0
2015-10-23,790.349976,805.599976,790.349976,800.200012,772.826782,1956438.0
2015-10-26,802.799988,810.0,800.650024,808.599976,780.939392,754383.0
2015-10-27,806.75,814.849976,799.200012,812.150024,784.368042,876427.0
2015-10-28,811.599976,820.5,807.900024,818.5,790.500793,1123867.0
2015-10-29,811.0,818.0,799.200012,801.450012,774.034058,1558590.0
2015-10-30,802.0,810.950012,795.0,800.650024,773.261353,1209468.0
2015-11-02,799.25,804.849976,791.549988,802.75,775.289612,553599.0
2015-11-03,805.0,808.5,801.200012,804.450012,776.931396,349296.0
2015-11-04,806.799988,818.099976,799.200012,801.0,773.599365,945881.0
2015-11-05,801.0,811.599976,797.75,802.650024,775.192993,462520.0
2015-11-06,806.700012,806.950012,796.299988,799.049988,771.716125,726024.0
2015-11-09,794.0,807.0,784.0,802.599976,775.144653,1247468.0
2015-11-10,802.0,809.599976,793.400024,803.549988,776.062256,880293.0
2015-11-13,803.549988,803.549988,792.349976,796.700012,769.446533,1029232.0
2015-11-16,794.0,802.099976,780.099976,784.099976,757.277466,1186659.0
2015-11-17,785.900024,800.0,782.0,798.299988,770.99176,792593.0
2015-11-18,798.0,806.849976,790.450012,793.5,766.356018,721764.0
2015-11-19,797.5,801.849976,792.299988,794.599976,767.418396,861404.0
2015-11-20,799.849976,803.450012,794.299988,798.150024,770.846985,845026.0
2015-11-23,795.049988,800.700012,787.0,791.200012,764.134705,692990.0
2015-11-24,794.0,813.5,790.75,811.950012,784.174866,1188716.0
2015-11-26,811.950012,821.5,808.150024,812.450012,784.657776,1282221.0
2015-11-27,812.5,820.75,808.0,816.200012,788.27948,897445.0
2015-11-30,813.5,826.0,804.099976,812.0,784.223145,2959644.0
2015-12-01,811.849976,836.799988,811.849976,833.400024,804.891113,1404347.0
2015-12-02,832.900024,835.700012,823.400024,829.900024,801.510864,983626.0
2015-12-03,827.849976,827.900024,814.0,816.599976,788.665771,680102.0
2015-12-04,813.349976,824.450012,805.0,814.950012,787.072266,1445988.0
2015-12-07,815.0,835.5,815.0,833.5,804.98761,1273142.0
2015-12-08,831.900024,839.799988,822.599976,825.75,797.502808,1136199.0
2015-12-09,827.0,835.0,816.150024,820.150024,792.094421,1028736.0
2015-12-10,823.0,830.849976,812.25,815.900024,787.989685,1144862.0
2015-12-11,818.299988,831.950012,816.650024,822.099976,793.977539,1214169.0
2015-12-14,825.0,842.5,813.450012,839.0,810.2995,1307321.0
2015-12-15,839.200012,862.5,839.200012,858.599976,829.229004,2303845.0
2015-12-16,865.0,868.400024,852.700012,855.400024,826.13855,1101128.0
2015-12-17,840.0,865.700012,840.0,864.25,834.68573,1214526.0
2015-12-18,865.599976,875.599976,852.150024,857.049988,827.732056,2114632.0
2015-12-21,861.950012,861.950012,849.75,851.599976,822.468506,1112136.0
2015-12-22,852.950012,857.900024,843.200012,851.450012,822.323547,913032.0
2015-12-23,859.450012,870.5,856.049988,863.25,833.720032,770192.0
2015-12-24,868.0,869.299988,862.0,864.25,834.68573,538736.0
2015-12-28,864.25,873.0,862.5,865.849976,836.231018,976331.0
2015-12-29,867.0,867.0,855.0,857.900024,828.55304,754046.0
2015-12-30,858.0,862.900024,854.700012,857.450012,828.118408,677471.0
2015-12-31,857.450012,866.450012,851.5,862.75,833.237061,743363.0
2016-01-01,860.0,862.0,853.5,856.549988,827.249207,230366.0
2016-01-04,856.549988,868.700012,851.150024,859.0,829.615356,828876.0
2016-01-05,857.299988,859.049988,845.5,847.950012,818.943359,1118709.0
2016-01-06,850.0,850.0,840.950012,843.049988,814.210938,2135092.0
2016-01-07,840.0,840.950012,817.5,820.25,792.190857,1353969.0
2016-01-08,819.0,831.5,807.700012,809.849976,782.146667,1324046.0
2016-01-11,806.0,819.700012,801.349976,811.75,783.981628,1514504.0
2016-01-12,808.5,822.150024,804.549988,819.700012,791.659668,1110037.0
2016-01-13,821.799988,836.200012,813.75,832.75,804.263245,1338356.0
2016-01-14,829.5,837.900024,818.549988,827.25,798.951416,1531002.0
2016-01-15,827.25,828.950012,776.650024,804.25,776.738281,3249884.0
2016-01-18,796.299988,816.650024,795.0,809.950012,782.243225,1525578.0
2016-01-19,813.0,821.75,807.650024,810.450012,782.726196,867289.0
2016-01-20,805.0,815.0,785.0,795.049988,767.852905,1543575.0
2016-01-21,797.200012,799.0,774.200012,775.599976,749.068298,1679165.0
2016-01-22,780.5,783.5,770.0,771.5,745.108582,1465143.0
2016-01-25,772.0,784.75,769.700012,783.299988,756.504822,1036869.0
2016-01-27,783.299988,783.849976,766.400024,767.900024,741.631714,1291178.0
2016-01-28,769.799988,797.0,766.5,791.75,764.665894,1967418.0
2016-01-29,791.099976,820.0,791.099976,816.900024,788.955505,1733695.0
2016-02-01,816.0,817.400024,799.0,800.950012,773.551147,1025869.0
2016-02-02,809.5,809.950012,796.950012,800.099976,772.730164,960236.0
2016-02-03,795.5,828.5,795.5,821.599976,793.494751,1843081.0
2016-02-04,824.5,838.400024,816.549988,834.799988,806.243164,1698770.0
2016-02-05,830.0,855.5,830.0,844.950012,816.046021,2043434.0
2016-02-08,844.0,848.200012,826.450012,828.900024,800.545044,490426.0
2016-02-09,826.349976,842.150024,824.700012,826.349976,798.082275,964658.0
2016-02-10,826.0,832.099976,820.099976,824.549988,796.34375,781041.0
2016-02-11,823.900024,828.0,791.200012,802.599976,775.144653,1010277.0
2016-02-12,800.5,816.700012,795.0,812.599976,784.802551,1318480.0
2016-02-15,817.0,821.950012,798.0,804.700012,777.172852,1206980.0
2016-02-16,810.0,811.849976,799.450012,803.200012,775.724182,926079.0
2016-02-17,800.5,814.0,789.75,812.549988,784.754333,783633.0
2016-02-18,814.049988,830.5,812.5,827.400024,799.096375,1179011.0
2016-02-19,831.849976,831.849976,813.450012,827.599976,799.289429,620200.0
2016-02-22,827.0,866.0,826.349976,861.650024,832.174744,1883688.0
2016-02-23,858.450012,858.450012,834.200012,836.849976,808.223022,590731.0
2016-02-24,836.900024,844.900024,828.200012,836.75,808.126465,1062120.0
2016-02-25,837.700012,846.200012,832.400024,842.799988,813.969482,859877.0
2016-02-26,848.0,852.650024,841.099976,849.900024,820.82666,1191495.0
2016-02-29,851.0,851.700012,823.5,830.400024,801.993713,1974971.0
2016-03-01,829.849976,829.849976,818.099976,824.150024,795.95752,1777318.0
2016-03-02,830.0,855.0,830.0,849.25,820.198853,1221727.0
2016-03-03,855.5,856.099976,845.75,848.900024,819.860901,746384.0
2016-03-04,848.5,855.900024,841.450012,848.75,819.716003,1331537.0
2016-03-08,848.75,848.75,824.0,826.25,797.985596,1342346.0
2016-03-09,826.549988,843.900024,826.549988,839.650024,810.927307,1929618.0
2016-03-10,837.0,841.0,829.0,837.549988,808.899048,1140147.0
2016-03-11,842.0,857.950012,831.5,851.599976,822.468506,1527676.0
2016-03-14,855.049988,860.0,845.0,857.150024,827.828674,825367.0
2016-03-15,852.099976,856.799988,835.549988,840.799988,812.037964,1330602.0
2016-03-16,844.900024,845.849976,831.0,844.150024,815.273315,1511400.0
2016-03-17,848.099976,855.0,843.0,849.650024,820.585205,1970969.0
2016-03-18,850.0,852.0,838.0,848.349976,819.329651,1848223.0
2016-03-21,847.099976,883.0,847.099976,879.650024,849.55896,1587554.0
2016-03-22,876.049988,880.650024,862.400024,870.150024,840.383972,2024654.0
2016-03-23,870.0,877.349976,860.549988,873.599976,843.715942,1373555.0
2016-03-28,873.599976,876.099976,860.200012,863.650024,834.106323,2033190.0
2016-03-29,860.299988,871.349976,858.599976,861.150024,831.691833,1389839.0
2016-03-30,862.0,878.950012,858.900024,861.650024,832.174744,1453623.0
2016-03-31,855.5,875.700012,855.5,869.5,839.756165,2635929.0
2016-04-01,867.099976,874.900024,856.0,867.799988,838.114319,1096484.0
2016-04-04,863.099976,874.950012,861.299988,872.200012,842.363831,960124.0
2016-04-05,870.200012,882.849976,862.299988,868.5,838.790466,1096886.0
2016-04-06,869.0,872.900024,863.0,871.700012,841.88092,1041648.0
2016-04-07,870.0,874.849976,855.049988,860.0,830.581116,848064.0
2016-04-08,861.0,863.0,845.799988,850.400024,821.30957,712487.0
2016-04-11,853.0,867.849976,845.099976,864.299988,834.73407,943737.0
2016-04-12,866.900024,874.400024,860.200012,872.5,842.653503,867406.0
2016-04-13,875.0,899.599976,873.5,897.700012,866.991516,1897529.0
2016-04-18,897.700012,904.950012,886.5,899.150024,868.391907,1091523.0
2016-04-20,899.150024,906.0,893.150024,904.099976,873.172546,1424850.0
2016-04-21,905.0,906.900024,896.0,904.049988,873.124329,1162870.0
2016-04-22,897.799988,904.299988,883.0,884.200012,853.953308,1078366.0
2016-04-25,880.5,889.0,875.5,884.150024,853.90509,828061.0
2016-04-26,881.599976,896.0,880.700012,885.75,855.450317,1214609.0
2016-04-27,884.400024,894.0,880.900024,892.200012,861.679626,778693.0
2016-04-28,893.200012,896.799988,871.0,876.25,846.275208,2715410.0
2016-04-29,876.0,879.349976,859.200012,867.900024,838.210999,1581281.0
2016-05-02,867.0,867.0,855.0,863.950012,834.395996,787156.0
2016-05-03,863.950012,869.0,848.0,851.0,821.889038,1305303.0
2016-05-04,850.0,855.900024,844.0,853.400024,824.20697,568460.0
2016-05-05,859.0,861.900024,846.799988,850.150024,821.068115,760873.0
2016-05-06,848.0,856.5,846.75,853.400024,824.20697,411253.0
2016-05-09,851.0,869.700012,839.200012,845.5,816.577148,3215773.0
2016-05-10,848.799988,867.900024,845.599976,862.450012,832.947327,1523285.0
2016-05-11,855.0,866.799988,851.099976,862.549988,833.043884,697299.0
2016-05-12,858.400024,862.0,849.349976,853.0,823.820679,730642.0
2016-05-13,852.950012,852.950012,821.950012,831.799988,803.345764,2369627.0
2016-05-16,833.0,848.5,817.0,846.25,817.301514,1940183.0
2016-05-17,850.0,850.349976,831.0,834.049988,805.518799,1434067.0
2016-05-18,833.700012,834.549988,823.0,825.5,797.261292,1428456.0
2016-05-19,826.099976,829.849976,810.349976,815.099976,787.217041,1866764.0
2016-05-20,820.0,821.0,806.150024,812.400024,784.609436,1624617.0
2016-05-23,817.0,825.75,813.049988,819.599976,791.563171,1118741.0
2016-05-24,819.0,824.450012,815.450012,823.099976,794.94342,946784.0
2016-05-25,828.0,841.450012,827.049988,840.099976,811.361877,1127694.0
2016-05-26,840.200012,854.0,832.0,850.349976,821.26123,2479387.0
2016-05-27,851.349976,865.950012,850.5,861.200012,831.740112,1531278.0
2016-05-30,864.0,867.200012,849.75,854.349976,825.124451,776274.0
2016-05-31,857.799988,859.900024,845.0,848.200012,819.184814,12132028.0
2016-06-01,852.150024,863.400024,846.049988,855.150024,825.897095,1223721.0
2016-06-02,855.0,873.950012,835.0,868.200012,838.500671,3409326.0
2016-06-03,872.0,888.0,869.400024,884.849976,854.580994,1752265.0
2016-06-06,887.599976,892.0,875.049988,879.349976,849.269226,1941227.0
2016-06-07,884.0,898.799988,880.400024,897.049988,866.363708,2185954.0
2016-06-08,895.0,908.0,891.599976,897.200012,866.508667,1470489.0
2016-06-09,899.0,899.0,874.450012,876.450012,846.468384,1376923.0
2016-06-10,876.0,884.799988,871.150024,874.650024,844.730103,793113.0
2016-06-13,867.349976,880.950012,867.349976,874.200012,844.29541,1071858.0
2016-06-14,872.099976,875.200012,860.299988,865.700012,836.086243,826228.0
2016-06-15,868.0,876.599976,863.0,874.650024,844.730103,863255.0
2016-06-16,871.849976,880.849976,859.150024,879.450012,849.365723,803719.0
2016-06-17,883.950012,884.700012,872.5,881.349976,851.200806,849716.0
2016-06-20,875.0,882.349976,870.549988,879.400024,849.317505,526386.0
2016-06-21,876.5,879.0,866.150024,870.25,840.48053,1214022.0
2016-06-22,862.950012,867.75,857.0,859.25,839.015869,723156.0
2016-06-23,860.0,873.0,854.299988,869.349976,848.87793,574726.0
2016-06-24,858.549988,862.200012,847.099976,859.099976,838.869385,1157925.0
2016-06-27,858.0,873.849976,855.25,858.849976,838.625244,815766.0
2016-06-28,861.0,889.950012,859.0,887.75,866.844727,1607560.0
2016-06-29,889.900024,894.150024,877.0,883.799988,862.987671,857945.0
2016-06-30,891.0,902.900024,890.549988,898.549988,877.390381,2029009.0
2016-07-01,898.599976,904.549988,886.099976,897.599976,876.462708,1099564.0
2016-07-04,900.0,902.75,888.0,893.049988,872.019897,674938.0
2016-07-05,895.200012,896.200012,886.849976,890.200012,869.237061,631452.0
2016-07-07,890.200012,920.0,888.599976,918.299988,896.675293,1689043.0
2016-07-08,919.0,926.299988,913.450012,920.700012,899.018799,1579861.0
2016-07-11,927.0,934.900024,921.349976,929.400024,907.513916,746028.0
2016-07-12,933.900024,933.900024,913.650024,925.299988,903.510437,813346.0
2016-07-13,923.099976,929.75,917.450012,927.450012,905.609863,598072.0
2016-07-14,927.0,935.0,922.049988,932.950012,910.980286,757072.0
2016-07-15,935.0,951.450012,932.049988,941.5,919.328979,1284879.0
2016-07-18,944.0,946.599976,910.0,921.950012,900.23938,3013256.0
2016-07-19,904.099976,906.900024,888.0,895.150024,874.070435,2602482.0
2016-07-20,899.450012,910.299988,897.200012,906.900024,885.543762,897886.0
2016-07-21,907.0,913.650024,900.5,910.049988,888.619568,876194.0
2016-07-22,911.200012,915.0,897.0,903.200012,881.930908,967993.0
2016-07-25,900.5,909.299988,895.700012,906.950012,885.59259,1297630.0
2016-07-26,911.900024,911.900024,899.0,902.700012,881.442688,1094799.0
2016-07-27,900.0,909.450012,898.25,903.849976,882.565552,1168069.0
2016-07-28,904.900024,913.0,895.099976,909.400024,887.984924,1760367.0
2016-07-29,905.400024,925.0,902.549988,922.549988,900.825195,1284438.0
2016-08-01,930.0,930.049988,916.150024,925.0,903.217529,1270582.0
2016-08-02,928.900024,940.849976,924.200012,927.400024,905.561035,1442265.0
2016-08-03,926.799988,926.799988,909.549988,913.799988,892.28125,1067729.0
2016-08-04,922.0,922.25,908.849976,918.049988,896.431152,685515.0
2016-08-05,921.150024,928.650024,916.400024,925.5,903.705811,936293.0
2016-08-08,926.549988,934.349976,922.400024,929.5,907.611511,640018.0
2016-08-09,929.5,935.900024,924.150024,934.25,912.249634,912239.0
2016-08-10,935.0,935.349976,922.799988,924.950012,903.168701,675289.0
2016-08-11,924.900024,938.099976,922.549988,935.650024,913.616699,859803.0
2016-08-12,934.799988,947.0,926.0,935.0,912.982056,664203.0
2016-08-16,935.0,943.900024,921.349976,926.200012,904.389282,847402.0
2016-08-17,924.900024,925.700012,910.299988,913.200012,891.695374,685242.0
2016-08-18,913.0,916.700012,905.25,906.900024,885.543762,1047855.0
2016-08-19,909.0,915.700012,901.25,910.650024,889.205444,1232642.0
2016-08-22,911.900024,933.900024,911.900024,930.049988,908.148621,1405730.0
2016-08-23,931.0,931.650024,919.049988,921.700012,899.9953,923109.0
2016-08-24,921.0,924.950012,908.25,919.400024,897.74939,929753.0
2016-08-25,921.0,922.0,907.200012,910.799988,889.351929,1760911.0
2016-08-26,914.799988,914.799988,900.0,904.5,883.200256,753284.0
2016-08-29,906.0,908.0,901.0,905.200012,883.883789,488018.0
2016-08-30,908.0,926.299988,907.599976,924.799988,903.022217,921470.0
2016-08-31,925.0,926.5,911.849976,917.049988,895.454712,2185015.0
2016-09-01,917.099976,929.5,913.349976,925.799988,903.998718,654587.0
2016-09-02,923.5,926.549988,917.549988,920.75,899.067566,968873.0
2016-09-06,920.75,939.75,920.75,937.849976,915.764893,811241.0
2016-09-07,937.0,938.900024,927.400024,933.0,911.029175,728867.0
2016-09-08,933.0,953.599976,931.5,951.549988,929.142273,1528195.0
2016-09-09,950.0,954.0,927.400024,929.950012,908.050964,888951.0
2016-09-12,924.849976,924.849976,912.450012,918.450012,896.821777,677577.0
2016-09-14,918.450012,924.5,905.0,908.450012,887.05719,1349809.0
2016-09-15,910.200012,920.849976,906.0,914.0,892.476501,964711.0
2016-09-16,916.25,928.599976,909.400024,911.700012,890.230713,1542460.0
2016-09-19,915.450012,922.5,909.099976,911.950012,890.474915,793036.0
2016-09-20,912.150024,916.799988,900.900024,902.900024,881.637939,1133099.0
2016-09-21,902.0,914.549988,900.549988,913.049988,891.54895,1102665.0
2016-09-22,913.0,917.950012,903.25,910.150024,888.717224,1250220.0
2016-09-23,911.0,912.5,901.0,910.549988,889.107849,1498875.0
2016-09-26,909.0,913.900024,886.5,892.599976,871.580505,1153660.0
2016-09-27,895.0,900.950012,889.400024,897.299988,876.169861,849724.0
2016-09-28,900.0,900.849976,881.25,887.150024,866.258911,1877866.0
2016-09-29,891.0,892.799988,873.5,878.299988,857.617188,3307074.0
2016-09-30,877.099976,879.849976,865.0,867.849976,847.41333,3104818.0
2016-10-03,878.0,878.0,860.200012,868.75,848.292114,2066037.0
2016-10-04,872.0,872.0,858.799988,860.400024,840.138733,1465854.0
2016-10-05,865.0,873.700012,862.400024,870.950012,850.440369,1781339.0
2016-10-06,874.0,886.849976,874.0,884.450012,863.622437,1360160.0
2016-10-07,889.700012,889.700012,868.150024,877.25,856.591919,1088191.0
2016-10-10,879.700012,885.549988,874.450012,876.150024,855.517883,734544.0
2016-10-13,876.150024,876.150024,852.5,862.049988,841.749878,2130773.0
2016-10-14,854.75,855.549988,837.0,842.25,822.416199,2077909.0
2016-10-17,844.0,851.0,839.0,849.25,829.251282,1136539.0
2016-10-18,850.299988,857.0,849.0,855.599976,835.451721,1146943.0
2016-10-19,855.0,855.950012,844.049988,846.0,826.077881,1171167.0
2016-10-20,848.549988,849.450012,838.599976,840.299988,820.512024,818580.0
2016-10-21,840.0,852.25,837.049988,851.200012,831.155457,1247395.0
2016-10-24,851.799988,855.0,844.25,848.349976,828.372498,1639740.0
2016-10-25,847.099976,849.799988,829.549988,832.349976,812.749329,1925999.0
2016-10-26,831.099976,846.799988,826.549988,842.849976,823.002014,1928005.0
2016-10-27,850.0,850.0,818.400024,840.299988,820.512024,3193498.0
2016-10-28,841.0,846.950012,833.799988,836.5,816.801575,1396899.0
2016-11-01,836.5,842.700012,831.650024,835.25,822.463562,891827.0
2016-11-02,835.0,848.450012,832.049988,841.099976,828.223999,1085441.0
2016-11-03,838.150024,848.5,834.700012,839.400024,826.550049,1975240.0
2016-11-04,849.0,866.400024,842.5,848.0,835.018372,2273336.0
2016-11-07,850.0,851.75,834.549988,837.650024,824.826782,803129.0
2016-11-08,838.450012,846.75,836.099976,844.599976,831.670349,797363.0
2016-11-09,820.0,835.349976,799.0,828.299988,815.619934,2122893.0
2016-11-10,840.0,841.900024,813.799988,818.549988,806.019165,1017007.0
2016-11-11,815.0,815.0,798.099976,801.75,789.476379,1758762.0
2016-11-15,801.75,809.799988,783.25,805.450012,793.119751,2007604.0
2016-11-16,809.0,813.5,798.0,808.75,796.369202,2677282.0
2016-11-17,808.75,816.0,803.0,811.650024,799.224854,665671.0
2016-11-18,813.0,814.799988,795.549988,802.849976,790.559509,1462211.0
2016-11-21,802.849976,805.799988,792.650024,797.75,785.537659,993597.0
2016-11-22,806.299988,822.5,802.799988,819.900024,807.348511,1226008.0
2016-11-23,820.349976,834.0,815.099976,831.700012,818.967957,1254013.0
2016-11-24,828.799988,834.5,820.549988,825.299988,812.665833,1588843.0
2016-11-25,830.0,838.0,825.650024,833.599976,820.838745,788448.0
2016-11-28,830.450012,841.950012,829.0,837.849976,825.023682,930063.0
2016-11-29,837.0,841.0,830.25,832.700012,819.952637,1157881.0
2016-11-30,835.25,850.299988,831.049988,844.0,831.07959,2734453.0
2016-12-01,844.0,855.700012,840.900024,848.099976,835.11676,951938.0
2016-12-02,845.0,848.400024,828.150024,831.450012,818.721741,623704.0
2016-12-05,832.900024,851.400024,832.0,844.900024,831.96582,760110.0
2016-12-06,845.400024,849.799988,833.200012,836.0,823.202087,611314.0
2016-12-07,839.849976,844.0,832.049988,833.700012,820.937317,394177.0
2016-12-08,836.0,846.799988,836.0,843.0,830.09491,609858.0
2016-12-09,839.900024,847.0,836.349976,845.049988,832.113525,463868.0
2016-12-12,845.0,845.849976,830.349976,832.599976,819.854065,317031.0
2016-12-13,834.0,836.400024,824.900024,831.150024,818.426331,716723.0
2016-12-14,831.0,832.849976,818.799988,821.799988,809.219421,418711.0
2016-12-15,818.0,823.700012,813.650024,816.049988,803.557434,552176.0
2016-12-16,817.5,827.0,813.599976,816.950012,804.443726,907271.0
2016-12-19,817.0,817.799988,808.0,809.75,797.353943,709550.0
2016-12-20,808.75,812.75,798.450012,801.400024,789.131775,1057366.0
2016-12-21,802.0,805.0,795.900024,796.799988,784.602112,1024157.0
2016-12-22,796.0,802.5,783.849976,787.049988,775.001404,1147406.0
2016-12-23,786.5,799.400024,781.950012,789.5,777.413879,893290.0
2016-12-26,788.0,804.900024,785.049988,801.799988,789.525635,686679.0
2016-12-27,801.900024,808.5,796.599976,806.75,794.399841,552306.0
2016-12-28,808.0,821.200012,806.0,810.299988,797.895447,811567.0
2016-12-29,811.25,821.950012,806.549988,818.5,805.969971,1295881.0
2016-12-30,819.450012,829.450012,818.5,826.349976,813.699768,709395.0
2017-01-02,828.0,828.0,819.099976,825.349976,812.715088,439748.0
2017-01-03,826.450012,832.799988,819.5,829.849976,817.14624,617599.0
2017-01-04,829.849976,837.400024,816.549988,821.599976,809.022461,1298675.0
2017-01-05,824.900024,835.75,822.0,833.150024,820.395691,800848.0
2017-01-06,832.900024,874.799988,831.700012,833.75,820.986511,545826.0
2017-01-09,838.0,838.549988,828.349976,831.049988,818.32782,323290.0
2017-01-10,833.799988,835.950012,829.0,830.549988,817.835449,337793.0
2017-01-11,832.099976,845.0,830.099976,841.5,828.61792,867646.0
2017-01-12,843.700012,843.700012,824.700012,825.900024,813.256714,985100.0
2017-01-13,830.0,835.599976,825.099976,827.950012,815.27533,567779.0
2017-01-16,828.0,831.349976,822.450012,827.5,814.832153,472383.0
2017-01-17,826.75,843.0,826.75,840.650024,827.780945,1081184.0
2017-01-18,840.700012,867.75,837.599976,864.950012,851.708923,2032995.0
2017-01-19,865.400024,875.950012,858.549988,860.299988,847.130066,1350359.0
2017-01-20,855.200012,872.0,854.5,860.450012,847.277771,1032081.0
2017-01-23,854.599976,866.799988,851.549988,862.400024,849.197937,1615902.0
2017-01-24,856.0,862.400024,842.099976,860.349976,847.17926,1843785.0
2017-01-25,857.0,869.950012,855.950012,869.200012,855.89386,1360342.0
2017-01-27,869.200012,875.700012,853.799988,855.950012,842.84668,1272497.0
2017-01-30,856.950012,863.200012,851.150024,853.549988,840.483398,600766.0
2017-01-31,856.0,862.900024,851.25,855.400024,842.305115,1210100.0
2017-02-01,857.0,867.549988,849.200012,854.049988,840.975708,1750447.0
2017-02-02,857.5,858.799988,841.799988,845.299988,832.35968,1617828.0
2017-02-03,845.0,852.450012,838.599976,849.75,836.741577,999913.0
2017-02-06,850.049988,862.0,850.0,860.549988,847.376221,1007603.0
2017-02-07,863.0,863.299988,851.0,855.25,842.157349,866921.0
2017-02-08,859.900024,859.900024,847.349976,852.950012,839.892639,995337.0
2017-02-09,856.0,856.099976,843.5,850.75,837.726257,884351.0
2017-02-10,848.25,858.400024,847.650024,850.900024,837.874023,648644.0
2017-02-13,854.950012,864.75,852.450012,862.299988,849.099426,688095.0
2017-02-14,863.0,868.049988,845.0,848.150024,835.166077,1294385.0
2017-02-15,848.549988,852.5,843.400024,850.049988,837.036987,863541.0
2017-02-16,852.0,852.5,844.049988,846.099976,833.1474,529692.0
2017-02-17,847.0,847.950012,837.5,841.25,828.371704,917969.0
2017-02-20,850.700012,858.0,847.5,854.450012,841.369629,1511663.0
2017-02-21,853.5,866.599976,852.049988,862.75,849.542603,1061217.0
2017-02-22,866.0,869.0,852.0,864.150024,850.921143,1996095.0
2017-02-23,870.900024,872.0,856.25,858.25,845.11145,1313518.0
2017-02-27,858.25,870.549988,854.25,866.450012,853.185974,1194357.0
2017-02-28,865.5,868.450012,858.150024,865.900024,852.644348,1409380.0
2017-03-01,868.400024,880.900024,862.950012,875.5,862.097351,1199589.0
2017-03-02,878.0,883.0,873.349976,877.5,864.066711,1116347.0
2017-03-03,878.0,879.75,870.900024,877.150024,863.722107,909059.0
2017-03-06,877.0,883.150024,866.25,873.099976,859.73407,620823.0
2017-03-07,874.099976,874.950012,868.150024,872.049988,858.700195,581168.0
2017-03-08,870.0,876.150024,863.25,871.299988,857.96167,689050.0
2017-03-09,868.900024,872.0,862.200012,870.299988,856.97699,649123.0
2017-03-10,871.0,877.75,867.400024,875.200012,861.802002,1533750.0
2017-03-14,875.200012,915.0,875.200012,913.75,899.761841,2763421.0
2017-03-15,910.0,917.200012,899.0,900.5,886.714661,1247829.0
2017-03-16,908.0,912.400024,895.349976,906.200012,892.327393,1052674.0
2017-03-17,907.549988,911.0,900.0,902.549988,888.733276,2071209.0
2017-03-20,900.549988,915.25,896.0,898.450012,884.696045,849554.0
2017-03-21,898.799988,907.099976,888.299988,903.450012,889.619507,1016256.0
2017-03-22,894.049988,908.0,894.049988,904.950012,891.096558,928431.0
2017-03-23,905.0,909.0,898.150024,902.0,888.191711,737393.0
2017-03-24,901.0,905.200012,897.0,900.200012,886.41925,809976.0
2017-03-27,899.849976,913.349976,895.099976,898.799988,885.040649,2830764.0
2017-03-28,900.0,905.0,897.5,903.099976,889.274841,565803.0
2017-03-29,904.200012,914.900024,900.349976,912.549988,898.5802,1067420.0
2017-03-30,911.099976,923.799988,909.200012,919.200012,905.128418,2105056.0
2017-03-31,919.200012,920.25,905.200012,911.75,897.79248,1454650.0
2017-04-03,914.0,924.349976,904.400024,920.650024,906.556213,832000.0
2017-04-05,920.650024,937.450012,918.150024,935.349976,921.031128,2246395.0
2017-04-06,930.849976,936.25,921.0,934.650024,920.341919,1588953.0
2017-04-07,925.700012,932.700012,921.200012,924.5,910.347229,770117.0
2017-04-10,922.799988,929.700012,916.0,925.950012,911.775085,460843.0
2017-04-11,922.950012,925.799988,917.25,923.700012,909.559509,715100.0
2017-04-12,920.200012,925.700012,918.450012,923.75,909.608765,2006885.0
2017-04-13,921.849976,929.200012,918.5,923.849976,909.707214,1200252.0
2017-04-17,923.849976,923.849976,912.099976,914.049988,900.057251,449115.0
2017-04-18,915.0,920.950012,911.049988,912.75,898.777161,605252.0
2017-04-19,914.599976,918.450012,906.0,908.549988,894.641418,1245002.0
2017-04-20,912.0,917.599976,906.25,915.700012,901.681946,1955164.0
2017-04-21,919.5,923.900024,903.5,906.400024,892.524353,761841.0
2017-04-24,909.900024,909.900024,898.549988,904.549988,890.702637,789135.0
2017-04-25,907.0,927.0,903.049988,924.0,909.854919,1105317.0
2017-04-26,924.0,945.0,920.299988,941.349976,926.93927,1296199.0
2017-04-27,941.099976,951.0,936.200012,947.299988,932.798218,1096343.0
2017-04-28,944.0,945.5,932.150024,934.950012,920.637268,3585324.0
2017-05-02,934.950012,937.25,924.0,928.099976,913.892151,1615426.0
2017-05-03,933.0,936.950012,922.599976,934.0,919.701843,977037.0
2017-05-04,934.25,960.0,933.799988,956.700012,942.054321,1234682.0
2017-05-05,953.5,959.450012,949.299988,953.900024,939.297241,571239.0
2017-05-08,955.0,960.0,946.049988,954.849976,940.232605,672197.0
2017-05-09,957.0,958.0,947.5,952.049988,937.475525,1292861.0
2017-05-10,954.099976,999.0,954.099976,996.349976,981.097351,2928370.0
2017-05-11,994.400024,996.0,975.950012,978.75,963.766785,1354465.0
2017-05-12,978.299988,988.0,970.25,980.200012,965.19458,890243.0
2017-05-15,981.299988,988.849976,974.549988,983.25,968.197876,734446.0
2017-05-16,983.0,1002.5,982.049988,1000.400024,985.085388,1503815.0
2017-05-17,1004.0,1012.0,991.099976,1009.400024,993.947571,1999387.0
2017-05-18,1008.0,1009.0,983.0,990.25,975.090759,2690943.0
2017-05-19,1000.0,1022.75,1000.0,1008.0,992.569031,3059815.0
2017-05-22,1011.349976,1028.199951,1009.0,1018.599976,1003.006714,1788720.0
2017-05-23,1018.799988,1032.0,1014.0,1024.800049,1009.111877,2640069.0
2017-05-24,1026.550049,1040.0,1023.5,1038.050049,1022.158997,1992083.0
2017-05-25,1037.900024,1050.0,1030.300049,1043.449951,1027.476196,1918721.0
2017-05-26,1042.050049,1046.949951,1032.400024,1040.949951,1025.014526,716421.0
2017-05-29,1041.0,1077.0,1038.75,1072.25,1055.835449,1771026.0
2017-05-30,1071.099976,1074.949951,1053.300049,1072.599976,1056.180054,890684.0
2017-05-31,1065.800049,1074.449951,1061.050049,1067.0,1050.665771,2226704.0
2017-06-01,1067.0,1099.449951,1061.199951,1095.349976,1078.581787,1782269.0
2017-06-02,1100.050049,1103.0,1046.099976,1086.400024,1069.768921,2216247.0
2017-06-05,1092.0,1101.300049,1088.0,1097.75,1080.945068,612171.0
2017-06-06,1097.949951,1101.800049,1087.0,1091.550049,1074.839966,1203091.0
2017-06-07,1105.199951,1114.25,1091.5,1106.349976,1089.41333,2392047.0
2017-06-08,1106.699951,1115.0,1088.550049,1093.5,1076.760132,935574.0
2017-06-09,1091.0,1105.400024,1090.0,1095.349976,1078.581787,691085.0
2017-06-12,1096.0,1105.0,1083.0,1099.650024,1082.81604,1059705.0
2017-06-13,1096.0,1109.349976,1095.050049,1102.75,1085.86853,1040661.0
2017-06-14,1105.0,1119.599976,1094.199951,1113.699951,1096.650879,1139136.0
2017-06-15,1117.5,1121.5,1101.599976,1104.0,1087.099365,1051935.0
2017-06-16,1104.0,1110.849976,1088.449951,1091.800049,1075.086182,1550451.0
2017-06-19,1094.400024,1101.0,1090.300049,1095.650024,1078.877197,859068.0
2017-06-20,1098.849976,1101.0,1091.099976,1093.050049,1076.317139,1272735.0
2017-06-21,1094.25,1129.0,1093.949951,1123.449951,1106.251587,1411671.0
2017-06-22,1117.0,1117.400024,1092.050049,1094.050049,1086.977173,1000211.0
2017-06-23,1093.900024,1102.75,1075.0,1097.900024,1090.802246,1600881.0
2017-06-27,1097.900024,1114.949951,1087.0,1092.099976,1085.039673,1809437.0
2017-06-28,1095.0,1104.949951,1084.25,1090.0,1082.953247,1084236.0
2017-06-29,1094.650024,1094.650024,1084.25,1088.099976,1081.065552,1771369.0
2017-06-30,1085.0,1092.699951,1064.0,1079.599976,1072.620483,1501780.0
2017-07-03,1093.0,1100.099976,1081.099976,1097.75,1090.653198,823810.0
2017-07-04,1104.400024,1112.0,1083.849976,1088.099976,1081.065552,938993.0
2017-07-05,1087.0,1098.0,1082.050049,1096.699951,1089.609863,364842.0
2017-07-06,1096.699951,1096.699951,1086.400024,1092.5,1085.437134,653440.0
2017-07-07,1091.0,1109.900024,1089.800049,1097.699951,1090.603394,780216.0
2017-07-10,1102.5,1104.949951,1090.0,1096.25,1089.162842,123910.0
2017-07-11,1102.0,1112.949951,1097.0,1106.449951,1099.296875,1088867.0
2017-07-12,1110.0,1138.400024,1105.0,1131.650024,1124.333984,1749266.0
2017-07-13,1134.699951,1139.900024,1131.0,1134.699951,1127.364258,1390586.0
2017-07-14,1135.0,1144.949951,1125.300049,1139.300049,1131.93457,1430776.0
2017-07-17,1140.0,1156.0,1130.050049,1152.949951,1145.496216,1177146.0
2017-07-18,1153.25,1169.800049,1147.300049,1157.849976,1150.364624,3322231.0
2017-07-19,1190.0,1195.050049,1135.5,1154.349976,1146.887207,4799441.0
2017-07-20,1155.449951,1161.050049,1145.0,1152.900024,1145.446655,1295206.0
2017-07-21,1158.900024,1164.199951,1145.0,1158.650024,1151.159424,1690899.0
2017-07-24,1162.0,1164.300049,1154.050049,1159.349976,1151.854858,1102676.0
2017-07-25,1155.550049,1161.0,1143.0,1149.599976,1142.167969,1686360.0
2017-07-26,1154.0,1167.0,1141.349976,1164.550049,1157.021362,1563285.0
2017-07-27,1163.800049,1192.449951,1162.150024,1171.900024,1164.323853,2090566.0
2017-07-28,1168.599976,1168.599976,1141.599976,1153.849976,1146.390503,860381.0
2017-07-31,1159.949951,1162.599976,1142.099976,1155.75,1148.278198,955459.0
2017-08-01,1154.0,1176.900024,1154.0,1173.949951,1166.360474,1359063.0
2017-08-02,1174.0,1175.0,1159.699951,1168.75,1161.194092,587711.0
2017-08-03,1165.5,1179.599976,1158.0,1169.900024,1162.336792,597333.0
2017-08-04,1162.0,1196.300049,1162.0,1192.099976,1184.393188,1116836.0
2017-08-07,1173.0,1193.099976,1171.349976,1186.300049,1178.630737,868190.0
2017-08-08,1181.699951,1209.0,1181.0,1191.0,1183.300293,1329938.0
2017-08-09,1189.5,1195.5,1176.349976,1185.349976,1177.686768,833002.0
2017-08-10,1174.849976,1183.599976,1166.199951,1170.699951,1163.13147,699787.0
2017-08-11,1160.050049,1174.800049,1143.550049,1152.800049,1145.34729,861457.0
2017-08-14,1154.5,1169.900024,1147.199951,1155.699951,1148.228516,526828.0
2017-08-16,1155.699951,1190.599976,1151.0,1186.349976,1178.680298,1366648.0
2017-08-17,1185.0,1185.0,1165.0,1177.300049,1169.688965,961319.0
2017-08-18,1170.0,1206.300049,1169.449951,1202.199951,1194.427856,1407292.0
2017-08-21,1202.300049,1208.0,1182.349976,1191.449951,1183.747314,965962.0
2017-08-22,1206.300049,1207.349976,1188.050049,1199.599976,1191.844727,916218.0
2017-08-23,1195.099976,1195.449951,1183.0,1188.150024,1180.46875,831796.0
2017-08-24,1188.0,1189.699951,1175.300049,1179.699951,1172.073364,780599.0
2017-08-28,1179.699951,1202.849976,1178.75,1199.699951,1191.94397,630713.0
2017-08-29,1195.150024,1198.550049,1183.0,1190.449951,1182.753784,1002082.0
2017-08-30,1197.5,1209.599976,1187.25,1204.300049,1196.514404,666156.0
2017-08-31,1201.849976,1222.800049,1194.300049,1219.75,1211.86438,1425125.0
2017-09-01,1216.25,1222.0,1207.150024,1216.150024,1208.28772,622867.0
2017-09-04,1214.849976,1214.849976,1193.75,1197.150024,1189.410522,586791.0
2017-09-05,1196.400024,1211.5,1192.300049,1205.199951,1197.408447,699191.0
2017-09-06,1202.0,1212.0,1200.300049,1206.400024,1198.60083,670064.0
2017-09-07,1209.0,1221.75,1203.699951,1208.75,1200.935547,781792.0
2017-09-08,1210.25,1218.349976,1202.099976,1207.550049,1199.743408,663219.0
2017-09-11,1206.0,1232.0,1206.0,1219.900024,1212.01355,794869.0
2017-09-12,1224.0,1255.0,1223.0,1249.800049,1241.720215,1164498.0
2017-09-13,1250.0,1259.0,1245.199951,1250.949951,1242.862671,848136.0
2017-09-14,1262.099976,1262.099976,1230.099976,1247.849976,1239.782715,1239363.0
2017-09-15,1242.099976,1256.800049,1235.599976,1246.0,1237.944702,1333125.0
2017-09-18,1250.0,1285.949951,1246.0,1280.050049,1271.774658,781532.0
2017-09-19,1287.599976,1287.599976,1273.550049,1279.300049,1271.029541,563558.0
2017-09-20,1280.0,1281.349976,1255.099976,1259.349976,1251.208374,1179496.0
2017-09-21,1261.0,1261.900024,1248.0,1256.699951,1248.575562,913615.0
2017-09-22,1252.199951,1252.25,1234.099976,1239.199951,1231.188599,1208698.0
2017-09-25,1239.900024,1259.0,1237.5,1247.150024,1239.08728,1271436.0
2017-09-26,1261.099976,1261.099976,1201.050049,1217.349976,1209.47998,1751337.0
2017-09-27,1217.0,1217.5,1188.0,1205.900024,1198.104004,2299025.0
2017-09-28,1205.800049,1212.949951,1192.150024,1202.800049,1195.024048,3007522.0
2017-09-29,1209.800049,1209.800049,1169.0,1173.900024,1166.310913,2274339.0
2017-10-03,1173.900024,1191.849976,1171.0,1186.349976,1178.680298,1970990.0
2017-10-04,1191.099976,1204.5,1178.699951,1197.5,1189.758301,2448425.0
2017-10-05,1204.349976,1204.5,1183.199951,1187.650024,1179.972046,2305862.0
2017-10-06,1193.0,1211.599976,1192.150024,1207.300049,1199.494995,508700.0
2017-10-09,1217.5,1223.349976,1205.050049,1220.25,1212.361206,720819.0
2017-10-10,1224.099976,1230.349976,1205.0,1209.199951,1201.382568,802675.0
2017-10-11,1215.0,1220.5,1198.599976,1218.050049,1210.175537,1096016.0
2017-10-12,1220.050049,1245.0,1216.25,1241.0,1232.977051,982442.0
2017-10-13,1238.0,1253.0,1231.199951,1248.599976,1240.527954,840717.0
2017-10-16,1250.0,1287.5,1249.949951,1281.300049,1273.016602,1276141.0
2017-10-17,1285.0,1288.650024,1271.0,1282.150024,1273.861084,654497.0
2017-10-18,1277.0,1282.599976,1260.0,1263.949951,1255.778687,697765.0
2017-10-19,1265.0,1270.0,1253.699951,1257.699951,1249.569092,67835.0
2017-10-23,1257.699951,1277.599976,1238.599976,1249.949951,1241.869141,791883.0
2017-10-24,1254.900024,1274.0,1254.0,1270.050049,1261.839355,1055569.0
2017-10-25,1281.0,1283.400024,1265.099976,1272.449951,1264.223633,1332232.0
2017-10-26,1285.0,1285.0,1253.5,1273.699951,1265.465576,2321903.0
2017-10-27,1273.699951,1273.699951,1246.0,1260.150024,1252.003296,875032.0
2017-10-30,1260.0,1269.449951,1230.0,1234.199951,1226.220947,1063165.0
2017-10-31,1241.0,1249.900024,1230.449951,1237.449951,1229.449951,722440.0
2017-11-01,1238.699951,1263.0,1238.0,1258.0,1258.0,1243886.0
2017-11-02,1261.0,1261.050049,1238.050049,1241.5,1241.5,762274.0
2017-11-03,1245.0,1245.0,1232.0,1239.5,1239.5,656886.0
2017-11-06,1239.0,1249.5,1234.949951,1240.599976,1240.599976,532305.0
2017-11-07,1235.099976,1252.199951,1226.349976,1234.199951,1234.199951,949224.0
2017-11-08,1240.349976,1247.900024,1228.599976,1235.300049,1235.300049,872203.0
2017-11-09,1249.5,1286.050049,1241.199951,1252.900024,1252.900024,1417669.0
2017-11-10,1254.650024,1299.25,1244.300049,1290.650024,1290.650024,1933002.0
2017-11-13,1295.0,1315.0,1269.25,1279.5,1279.5,1413270.0
2017-11-14,1286.099976,1289.0,1279.25,1283.900024,1283.900024,1131348.0
2017-11-15,1283.900024,1285.0,1258.550049,1265.0,1265.0,1195740.0
2017-11-16,1270.0,1287.0,1246.150024,1276.5,1276.5,911479.0
2017-11-17,1282.0,1297.400024,1271.300049,1278.150024,1278.150024,1134503.0
2017-11-20,1280.0,1281.150024,1266.150024,1274.5,1274.5,707096.0
2017-11-21,1275.0,1285.0,1272.0,1277.349976,1277.349976,828746.0
2017-11-22,1275.0,1277.0,1263.650024,1270.449951,1270.449951,646368.0
2017-11-23,1275.0,1276.0,1262.0,1267.5,1267.5,891839.0
2017-11-24,1269.400024,1270.0,1253.0,1265.949951,1265.949951,971523.0
2017-11-27,1261.0,1266.900024,1250.550049,1260.300049,1260.300049,763155.0
2017-11-28,1263.0,1272.949951,1262.400024,1267.849976,1267.849976,975006.0
2017-11-29,1267.849976,1281.099976,1263.5,1276.150024,1276.150024,819468.0
2017-11-30,1273.0,1276.150024,1258.0,1272.449951,1272.449951,2308732.0
2017-12-01,1272.449951,1278.75,1245.25,1250.5,1250.5,470360.0
2017-12-04,1256.650024,1274.0,1241.199951,1268.599976,1268.599976,833814.0
2017-12-05,1274.0,1274.0,1255.0,1261.0,1261.0,862459.0
2017-12-06,1258.25,1282.300049,1255.599976,1275.599976,1275.599976,1516859.0
2017-12-07,1277.199951,1298.849976,1272.050049,1291.949951,1291.949951,1407824.0
2017-12-08,1296.400024,1331.0,1291.300049,1326.650024,1326.650024,1267860.0
2017-12-11,1329.0,1329.0,1311.650024,1324.050049,1324.050049,597953.0
2017-12-12,1319.099976,1324.0,1308.650024,1314.650024,1314.650024,873443.0
2017-12-13,1319.400024,1337.0,1306.199951,1315.050049,1315.050049,917877.0
2017-12-14,1314.0,1326.849976,1304.25,1321.599976,1321.599976,834383.0
2017-12-15,1328.300049,1335.0,1310.599976,1324.550049,1324.550049,1420357.0
2017-12-18,1320.0,1345.0,1300.949951,1331.75,1331.75,918171.0
2017-12-19,1333.099976,1352.0,1326.5,1349.699951,1349.699951,1227087.0
2017-12-20,1346.199951,1367.949951,1333.5,1362.650024,1362.650024,1198943.0
2017-12-21,1365.0,1365.150024,1345.099976,1348.449951,1348.449951,557871.0
2017-12-22,1341.300049,1359.5,1341.300049,1356.5,1356.5,561400.0
2017-12-26,1356.5,1356.5,1340.0,1348.099976,1348.099976,913529.0
2017-12-27,1350.800049,1364.0,1342.650024,1352.449951,1352.449951,569851.0
2017-12-28,1358.0,1382.800049,1348.800049,1354.5,1354.5,2608574.0
2017-12-29,1359.0,1374.900024,1350.0,1367.849976,1367.849976,799006.0
2018-01-01,1367.0,1367.0,1340.050049,1344.5,1344.5,746852.0
2018-01-02,1345.0,1349.800049,1328.550049,1338.599976,1338.599976,695988.0
2018-01-03,1344.699951,1356.800049,1335.0,1350.349976,1350.349976,832810.0
2018-01-04,1350.099976,1356.150024,1341.449951,1352.25,1352.25,640189.0
2018-01-05,1351.0,1362.949951,1348.25,1356.550049,1356.550049,568451.0
2018-01-08,1348.599976,1371.0,1348.599976,1368.400024,1368.400024,801796.0
2018-01-09,1374.0,1375.900024,1356.0,1361.300049,1361.300049,708386.0
2018-01-10,1361.349976,1370.0,1355.0,1365.800049,1365.800049,939525.0
2018-01-11,1357.0,1382.900024,1357.0,1378.650024,1378.650024,629248.0
2018-01-12,1380.800049,1384.400024,1357.0,1374.0,1374.0,872539.0
2018-01-15,1375.599976,1375.599976,1364.0,1367.199951,1367.199951,1324592.0
2018-01-16,1369.300049,1389.5,1363.75,1382.0,1382.0,896453.0
2018-01-17,1389.0,1391.0,1366.25,1371.199951,1371.199951,1409691.0
2018-01-18,1400.0,1406.900024,1350.599976,1356.949951,1356.949951,2465412.0
2018-01-19,1370.400024,1372.849976,1350.050049,1362.449951,1362.449951,1491194.0
2018-01-22,1363.0,1365.0,1346.449951,1355.099976,1355.099976,1014403.0
2018-01-23,1360.699951,1372.349976,1350.050049,1368.349976,1368.349976,1284895.0
2018-01-24,1368.0,1372.0,1335.050049,1365.900024,1365.900024,1819330.0
2018-01-25,1368.900024,1378.0,1359.550049,1372.75,1372.75,2125894.0
2018-01-29,1372.75,1400.0,1367.199951,1397.300049,1397.300049,1406390.0
2018-01-30,1397.300049,1410.0,1390.099976,1400.25,1400.25,1310365.0
2018-01-31,1400.0,1400.0,1362.599976,1369.349976,1369.349976,1491912.0
2018-02-01,1373.0,1384.800049,1351.0,1371.25,1371.25,1563429.0
2018-02-02,1352.0,1377.900024,1352.0,1372.199951,1372.199951,1699619.0
2018-02-05,1352.099976,1361.449951,1341.25,1355.75,1355.75,1585136.0
2018-02-06,1300.0,1348.5,1299.0,1325.349976,1325.349976,1540401.0
2018-02-07,1322.0,1330.0,1307.050049,1312.650024,1312.650024,1561287.0
2018-02-08,1325.699951,1337.550049,1305.25,1329.550049,1329.550049,1146084.0
2018-02-09,1319.0,1340.0,1311.800049,1333.050049,1333.050049,810004.0
2018-02-12,1340.0,1349.900024,1333.150024,1344.449951,1344.449951,1166428.0
2018-02-14,1344.449951,1353.199951,1332.0,1349.400024,1349.400024,857401.0
2018-02-15,1353.0,1364.449951,1338.75,1358.150024,1358.150024,844856.0
2018-02-16,1364.0,1364.0,1348.0,1352.099976,1352.099976,1091144.0
2018-02-19,1359.0,1359.0,1328.800049,1335.900024,1335.900024,495950.0
2018-02-20,1332.150024,1343.349976,1327.849976,1331.800049,1331.800049,688130.0
2018-02-21,1339.0,1339.0,1323.0,1330.599976,1330.599976,1406451.0
2018-02-22,1330.099976,1333.800049,1313.25,1326.449951,1326.449951,2173259.0
2018-02-23,1326.5,1331.599976,1320.199951,1323.150024,1323.150024,896708.0
2018-02-26,1316.25,1338.400024,1316.25,1333.300049,1333.300049,1109668.0
2018-02-27,1340.0,1352.5,1334.099976,1346.349976,1346.349976,1316559.0
2018-02-28,1338.400024,1338.5,1311.0,1317.75,1317.75,1862621.0
2018-03-01,1320.0,1329.0,1314.25,1324.25,1324.25,961945.0
2018-03-05,1324.25,1324.25,1293.75,1299.75,1299.75,842790.0
2018-03-06,1300.0,1307.900024,1289.199951,1293.199951,1293.199951,738512.0
2018-03-07,1293.050049,1307.599976,1291.099976,1293.849976,1293.849976,917890.0
2018-03-08,1300.0,1305.550049,1284.199951,1293.150024,1293.150024,739272.0
2018-03-09,1295.0,1303.0,1286.099976,1300.75,1300.75,852176.0
2018-03-12,1305.0,1327.949951,1294.050049,1324.199951,1324.199951,874857.0
2018-03-13,1324.900024,1331.449951,1313.699951,1320.550049,1320.550049,1067772.0
2018-03-14,1317.400024,1325.0,1311.150024,1316.900024,1316.900024,760665.0
2018-03-15,1313.900024,1320.0,1294.25,1299.949951,1299.949951,536838.0
2018-03-16,1303.0,1310.699951,1281.099976,1299.150024,1299.150024,3646692.0
2018-03-19,1308.0,1318.199951,1303.25,1309.400024,1309.400024,1244199.0
2018-03-20,1306.0,1320.5,1306.0,1313.25,1313.25,1249242.0
2018-03-21,1313.25,1323.099976,1305.0,1315.599976,1315.599976,1698614.0
2018-03-22,1312.5,1320.5,1309.050049,1311.849976,1311.849976,950972.0
2018-03-23,1290.0,1314.0,1283.800049,1301.650024,1301.650024,1301609.0
2018-03-26,1303.0,1329.900024,1298.0,1324.300049,1324.300049,1032138.0
2018-03-27,1339.0,1340.0,1321.150024,1332.800049,1332.800049,1040328.0
2018-03-28,1326.050049,1339.400024,1322.199951,1333.349976,1333.349976,1337677.0
2018-04-02,1333.349976,1360.550049,1315.0,1351.300049,1351.300049,708747.0
2018-04-03,1347.099976,1355.5,1338.650024,1348.400024,1348.400024,979726.0
2018-04-04,1348.0,1360.0,1339.550049,1357.449951,1357.449951,912607.0
2018-04-05,1380.0,1383.800049,1362.699951,1382.199951,1382.199951,588716.0
2018-04-06,1381.949951,1381.949951,1362.449951,1374.800049,1374.800049,633937.0
2018-04-09,1367.949951,1396.400024,1367.5,1391.599976,1391.599976,923543.0
2018-04-10,1398.800049,1402.800049,1387.0,1391.5,1391.5,969036.0
2018-04-11,1393.0,1420.5,1385.550049,1409.150024,1409.150024,1015714.0
2018-04-12,1408.0,1416.0,1397.099976,1412.75,1412.75,510556.0
2018-04-13,1412.0,1413.849976,1399.199951,1410.550049,1410.550049,534981.0
2018-04-16,1408.900024,1423.199951,1404.849976,1419.5,1419.5,325036.0
2018-04-17,1420.5,1450.5,1419.800049,1445.550049,1445.550049,1176077.0
